longitude,latitude,imo
121.375,39.96875,9875111
128.0,34.59375,9875111
104.0,1.2861328125,9875111
-71.9375,12.2578125,9875111
8.310546875,38.15625,9875111
34.125,31.875,9875111
34.28125,31.96875,9875111
34.375,32.0625,9875111
34.09375,31.890625,9875111
34.5,31.640625,9875111
-4.8203125,35.78125,9875111
-4.57421875,35.875,9875111
-5.35546875,36.09375,9875111
-70.0,13.6875,9875111
-70.875,12.9453125,9875111
-72.0625,14.2265625,9875111
-72.0,12.296875,9875111
-71.9375,12.2578125,9875111
-9.8515625,52.53125,9875111
-9.52734375,52.59375,9875111
17.390625,68.4375,9875111
-5.3984375,36.09375,9875111
9.747395833333332,38.15625,9875111
10.6484375,38.05208333333333,9875111
32.3125,31.46875,9875111
32.34375,31.46875,9875111
50.1875,27.375,9875111
49.90625,27.25,9875111
49.6875,27.078125,9875111
56.5,25.21875,9875111
32.1875,-28.890625,9875111
32.0625,-28.8125,9875111
34.53125,32.46875,9875111
33.9375,32.125,9875111
34.4375,32.40625,9875111
34.875,32.46875,9875111
-66.8125,50.03125,9875111
-66.8125,50.03125,9875111
-78.75,32.625,9299551
-79.14583333333334,32.4375,9299551
-78.9375,32.6875,9299551
-79.875,32.84375,9299551
-7.33203125,35.5,9299551
-6.44921875,35.71875,9299551
-5.49609375,35.90625,9299551
14.1640625,40.53125,9299551
14.2890625,40.84375,9299551
15.90625,38.46875,9299551
-0.32861328125,39.4375,9299551
-5.43359375,36.15625,9299551
-74.125,40.65625,9299551
-76.5625,39.25,9299551
-81.125,32.125,9299551
-79.5625,32.484375,9299551
-79.875,32.84375,9299551
-5.49609375,35.90625,9299551
15.90625,38.4375,9299551
14.2890625,40.84375,9299551
10.3046875,43.5625,9299551
8.7890625,44.40625,9299551
-5.43359375,36.15625,9299551
-74.125,40.65625,9299551
-76.5625,39.25,9299551
-75.625,36.75,9299551
-76.375,36.875,9299551
-80.4375,31.9375,9299551
-81.125,32.125,9299551
-5.5,35.875,9299551
-0.200439453125,39.40625,9299551
-0.32861328125,39.4375,9299551
15.796875,38.5,9299551
15.6953125,38.59375,9299551
15.90625,38.46875,9299551
13.9453125,40.625,9299551
14.2890625,40.84375,9299551
10.3046875,43.5625,9299551
8.703125,44.28125,9299551
8.7265625,44.28125,9299551
8.7890625,44.40625,9299551
-0.23046875,39.40625,9299551
-0.329345703125,39.4375,9299551
-5.43359375,36.15625,9299551
-74.125,40.65625,9299551
-75.375,36.90625,9299551
-75.3125,36.9375,9299551
-75.3125,36.8125,9299551
-75.3125,36.875,9299551
-75.375,36.875,9299551
-76.4375,38.84375,9299551
-76.5625,39.25,9299551
-75.625,36.75,9299551
-76.375,36.875,9299551
-80.1875,31.921875,9299551
-81.125,32.125,9299551
-5.49609375,35.90625,9299551
-0.231689453125,39.375,9299551
-0.3271484375,39.4375,9299551
10.5546875,39.03125,9299551
9.078125,39.21875,9299551
15.90625,38.46875,9299551
15.4921875,35.34375,9299551
15.796875,34.78125,9299551
15.7578125,35.40625,9299551
15.3828125,35.4375,9299551
15.390625,35.34375,9299551
15.1953125,35.4375,9299551
15.015625,35.8125,9299551
14.765625,35.6875,9299551
14.8984375,35.5,9299551
15.0078125,35.8125,9299551
15.1015625,35.75,9299551
14.515625,35.875,9299551
14.71875,35.8125,9299551
14.546875,35.8125,9299551
29.796875,31.28125,9299551
29.796875,31.140625,9299551
34.625,36.78125,9299551
15.90625,38.4375,9299551
9.84375,44.09375,9299551
-5.3828125,36.125,9299551
0.499755859375,51.5,9299551
8.53125,53.59375,9299551
4.25390625,51.28125,9299551
0.140380859375,49.46875,9299551
-71.1875,40.8125,9299551
-72.25,40.5625,9299551
-72.1875,40.4375,9299551
-72.6875,40.4375,9299551
-74.125,40.6875,9299551
-76.375,36.875,9299551
-75.625,36.78125,9299551
-76.375,38.9375,9299551
-76.5625,39.25,9299551
-75.5625,36.4375,9299551
-75.4375,36.5,9299551
-75.5625,36.46875,9299551
-78.1875,33.0,9299551
-79.9375,32.90625,9299551
-80.375,31.90625,9299551
-81.125,32.125,9299551
-71.9375,39.34375,9299551
-74.125,40.6875,9299551
8.53125,53.59375,9299551
4.2578125,51.28125,9299551
0.1417236328125,49.46875,9299551
-74.125,40.6875,9299551
-73.6875,36.46875,9299551
-75.625,36.75,9299551
-76.375,38.90625,9299551
-76.5625,39.25,9299551
-3.134765625,58.84375,9456666
-3.134765625,58.84375,9456666
-3.134765625,58.84375,9456666
-3.134765625,58.84375,9456666
-3.134765625,58.84375,9456666
-3.134765625,58.84375,9456666
-3.134765625,58.84375,9456666
-3.134765625,58.84375,9456666
-3.134765625,58.84375,9456666
-3.134765625,58.84375,9456666
-3.134765625,58.84375,9456666
-3.134765625,58.84375,9456666
-3.134765625,58.84375,9456666
-3.134765625,58.84375,9456666
-3.137304687500001,58.84999999999999,9456666
-3.14111328125,58.8515625,9456666
-3.138671875,58.846875000000026,9456666
-3.134765625,58.84375,9456666
-3.134765625,58.84375,9456666
-3.134765625,58.84375,9456666
-3.134765625,58.84375,9456666
-3.134765625,58.84375,9456666
-3.1378906250000016,58.846875000000026,9456666
-3.14111328125,58.8515625,9456666
-3.134765625,58.84375,9456666
-3.134765625,58.84375,9456666
-3.134765625,58.84375,9456666
-3.134765625,58.84375,9456666
-3.134765625,58.84375,9456666
-3.134765625,58.84375,9456666
-3.134765625,58.84375,9456666
-3.134765625,58.84375,9456666
-3.134765625,58.84375,9456666
-3.134765625,58.84375,9456666
-3.134765625,58.84375,9456666
-2.955078125,57.6875,9456666
-3.134765625,58.84375,9456666
-3.134765625,58.84375,9456666
-3.134765625,58.84375,9456666
-3.134765625,58.84375,9456666
-3.134765625,58.84375,9456666
-3.134765625,58.84375,9456666
-3.134765625,58.84375,9456666
-3.134765625,58.84375,9456666
-3.134765625,58.84375,9456666
-3.134765625,58.84375,9456666
-3.134765625,58.84375,9456666
-3.134765625,58.84375,9456666
-3.134765625,58.84375,9456666
-3.134765625,58.84375,9456666
-3.134765625,58.84375,9456666
-3.134765625,58.84375,9456666
-3.134765625,58.84375,9456666
-3.134765625,58.84375,9456666
-3.134765625,58.84375,9456666
-3.134765625,58.84375,9456666
-3.134765625,58.84375,9456666
-3.134765625,58.84375,9456666
-3.137109374999999,58.846875000000026,9456666
-3.1344401041666674,58.84375,9456666
-3.138281250000001,58.84999999999999,9456666
-3.14111328125,58.8515625,9456666
-3.137109374999999,58.846875000000026,9456666
-3.14111328125,58.8515625,9456666
-3.1365234374999984,58.846875000000026,9456666
-3.142020089285713,58.85267857142858,9456666
-3.1369140625000016,58.846875000000026,9456666
-3.14111328125,58.8515625,9456666
-3.1365234374999984,58.846875000000026,9456666
-3.14111328125,58.8515625,9456666
-3.1369140625000016,58.846875000000026,9456666
-3.134765625,58.84375,9456666
-3.134765625,58.84375,9456666
-3.134765625,58.84375,9456666
-3.134765625,58.84375,9456666
-3.134765625,58.84375,9456666
-3.134765625,58.84375,9456666
-3.134765625,58.84375,9456666
-3.134765625,58.84375,9456666
-3.134765625,58.84375,9456666
-3.134765625,58.84375,9456666
-3.134765625,58.84375,9456666
-3.134765625,58.84375,9456666
-3.134765625,58.84375,9456666
-3.134765625,58.84375,9456666
-3.134765625,58.84375,9456666
-3.134765625,58.84375,9456666
-3.134765625,58.84375,9456666
-3.134765625,58.84375,9456666
-3.134765625,58.84375,9456666
-3.134765625,58.84375,9456666
-3.134765625,58.84375,9456666
-3.134765625,58.84375,9456666
-3.134765625,58.84375,9456666
-3.134765625,58.84375,9456666
-3.134765625,58.84375,9456666
-3.134765625,58.84375,9456666
-3.134765625,58.84375,9456666
-3.134765625,58.84375,9456666
-3.134765625,58.84375,9456666
-3.134765625,58.84375,9456666
-3.134765625,58.84375,9456666
-3.134765625,58.84375,9456666
-3.134765625,58.84375,9456666
-3.134765625,58.84375,9456666
-3.185546875,58.90625,9456666
-3.134765625,58.84375,9456666
-3.134765625,58.84375,9456666
-3.134765625,58.84375,9456666
-3.134765625,58.84375,9456666
-3.134765625,58.84375,9456666
-3.134765625,58.84375,9456666
-3.134765625,58.84375,9456666
-3.1474609375,58.859375,9456666
-3.1374999999999984,58.84999999999999,9456666
-3.134765625,58.84375,9456666
-3.1376953125,58.846875000000026,9456666
-3.134765625,58.84375,9456666
-3.13671875,58.846875000000026,9456666
-3.14111328125,58.8515625,9456666
-3.1374999999999984,58.846875000000026,9456666
-3.134765625,58.84375,9456666
-3.134765625,58.84375,9456666
-3.14111328125,58.8515625,9456666
-3.135351562500001,58.84375,9456666
-3.14111328125,58.8515625,9456666
-3.13671875,58.846875000000026,9456666
-3.134765625,58.84375,9456666
-3.134765625,58.84375,9456666
-3.134765625,58.84375,9456666
-3.134765625,58.84375,9456666
-3.134765625,58.84375,9456666
-3.134765625,58.84375,9456666
-3.134765625,58.84375,9456666
-3.134765625,58.84375,9456666
-3.134765625,58.84375,9456666
-3.134765625,58.84375,9456666
-3.134765625,58.84375,9456666
-3.134765625,58.84375,9456666
-3.185546875,58.90625,9456666
-3.134765625,58.84375,9456666
-3.134765625,58.84375,9456666
-3.134765625,58.84375,9456666
-3.134765625,58.84375,9456666
-3.134765625,58.84375,9456666
-3.134765625,58.84375,9456666
-3.134765625,58.84375,9456666
-3.134765625,58.84375,9456666
-3.134765625,58.84375,9456666
-3.134765625,58.84375,9456666
-3.134765625,58.84375,9456666
-3.134765625,58.84375,9456666
-3.134765625,58.84375,9456666
-3.134765625,58.84375,9456666
-3.134765625,58.84375,9456666
-3.134765625,58.84375,9456666
-3.134765625,58.84375,9456666
-3.134765625,58.84375,9456666
-3.134765625,58.84375,9456666
-3.134765625,58.84375,9456666
-3.134765625,58.84375,9456666
-3.134765625,58.84375,9456666
-3.134765625,58.84375,9456666
-3.134765625,58.84375,9456666
-3.1359375000000016,58.846875000000026,9456666
-3.14111328125,58.8515625,9456666
-3.1376953125,58.84999999999999,9456666
-3.14111328125,58.8515625,9456666
-3.1374999999999984,58.84999999999999,9456666
-3.134765625,58.84375,9456666
-3.1355468749999984,58.84375,9456666
-3.134765625,58.84375,9456666
-3.134765625,58.84375,9456666
-3.134765625,58.84375,9456666
-3.134765625,58.84375,9456666
-3.134765625,58.84375,9456666
-3.134765625,58.84375,9456666
-3.134765625,58.84375,9456666
-3.134765625,58.84375,9456666
-3.134765625,58.84375,9456666
-3.134765625,58.84375,9456666
-3.134765625,58.84375,9456666
-3.134765625,58.84375,9456666
-3.134765625,58.84375,9456666
-3.134765625,58.84375,9456666
-3.134765625,58.84375,9456666
-3.134765625,58.84375,9456666
-3.134765625,58.84375,9456666
-3.134765625,58.84375,9456666
-3.134765625,58.84375,9456666
-3.134765625,58.84375,9456666
-3.134765625,58.84375,9456666
-3.134765625,58.84375,9456666
-3.134765625,58.84375,9456666
-3.134765625,58.84375,9456666
-3.134765625,58.84375,9456666
-3.134765625,58.84375,9456666
-3.134765625,58.84375,9456666
-3.134765625,58.84375,9456666
-3.134765625,58.84375,9456666
-3.134765625,58.84375,9456666
-3.134765625,58.84375,9456666
-3.134765625,58.84375,9456666
-3.134765625,58.84375,9456666
-3.134765625,58.84375,9456666
-3.134765625,58.84375,9456666
-3.134765625,58.84375,9456666
-3.13671875,58.846875000000026,9456666
-3.134765625,58.84375,9456666
-3.1365234374999984,58.846875000000026,9456666
-3.1354166666666674,58.84895833333332,9456666
-3.134765625,58.84375,9456666
-3.137304687500001,58.84999999999999,9456666
-3.1376953125,58.8515625,9456666
-3.134765625,58.84375,9456666
-3.14111328125,58.8515625,9456666
-3.137304687500001,58.84999999999999,9456666
-3.134765625,58.84375,9456666
-3.1374999999999984,58.84999999999999,9456666
-3.134765625,58.84375,9456666
-3.134765625,58.84375,9456666
-3.134765625,58.84375,9456666
-3.134765625,58.84375,9456666
-3.134765625,58.84375,9456666
-3.134765625,58.84375,9456666
-3.134765625,58.84375,9456666
-3.134765625,58.84375,9456666
-3.134765625,58.84375,9456666
-3.134765625,58.84375,9456666
-3.134765625,58.84375,9456666
-3.134765625,58.84375,9456666
-3.134765625,58.84375,9456666
-3.134765625,58.84375,9456666
-3.134765625,58.84375,9456666
-3.134765625,58.84375,9456666
-3.134765625,58.84375,9456666
-3.134765625,58.84375,9456666
-3.134765625,58.84375,9456666
-3.134765625,58.84375,9456666
-3.134765625,58.84375,9456666
-3.134765625,58.84375,9456666
-3.134765625,58.84375,9456666
-3.134765625,58.84375,9456666
-3.134765625,58.84375,9456666
-3.134765625,58.84375,9456666
-3.134765625,58.84375,9456666
-3.134765625,58.84375,9456666
-3.134765625,58.84375,9456666
-3.134765625,58.84375,9456666
-3.134765625,58.84375,9456666
-3.134765625,58.84375,9456666
-3.134765625,58.84375,9456666
-3.134765625,58.84375,9456666
-3.130859375,58.84375,9456666
-3.134765625,58.84375,9456666
-3.130859375,58.84375,9456666
-3.134765625,58.84375,9456666
-3.130859375,58.84375,9456666
-3.134765625,58.84375,9456666
-3.134765625,58.84375,9456666
-3.134765625,58.84375,9456666
-3.134765625,58.84375,9456666
-3.134765625,58.84375,9456666
-3.134765625,58.84375,9456666
-3.134765625,58.84375,9456666
-3.134765625,58.84375,9456666
-3.134765625,58.84375,9456666
-3.134765625,58.84375,9456666
-3.134765625,58.84375,9456666
-3.134765625,58.84375,9456666
-3.134765625,58.84375,9456666
-3.137304687500001,58.846875000000026,9456666
-3.14111328125,58.8515625,9456666
-3.141992187499999,58.846875000000026,9456666
-3.134765625,58.84375,9456666
-3.13671875,58.846875000000026,9456666
-3.141357421875,58.8515625,9456666
-3.1369140625000016,58.846875000000026,9456666
-3.185546875,58.90625,9456666
-3.141210937500001,58.84999999999999,9456666
-3.1357421875,58.84375,9456666
-3.1365234374999984,58.846875000000026,9456666
-3.134765625,58.84375,9456666
-3.137304687500001,58.846875000000026,9456666
-3.14111328125,58.8515625,9456666
-3.137304687500001,58.84999999999999,9456666
-3.134765625,58.84375,9456666
-3.1374999999999984,58.84999999999999,9456666
-3.134765625,58.84375,9456666
-3.134765625,58.84375,9456666
-3.134765625,58.84375,9456666
-3.134765625,58.84375,9456666
-3.134765625,58.84375,9456666
-3.134765625,58.84375,9456666
-3.134765625,58.84375,9456666
-3.134765625,58.84375,9456666
-3.134765625,58.84375,9456666
-3.134765625,58.84375,9456666
-3.134765625,58.84375,9456666
-3.134765625,58.84375,9456666
-3.134765625,58.84375,9456666
-3.134765625,58.84375,9456666
-3.134765625,58.84375,9456666
-3.134765625,58.84375,9456666
-3.134765625,58.84375,9456666
-3.134765625,58.84375,9456666
-3.134765625,58.84375,9456666
-3.134765625,58.84375,9456666
-3.134765625,58.84375,9456666
-3.134765625,58.84375,9456666
-3.1376953125,58.8515625,9456666
-3.1378906250000016,58.84999999999999,9456666
-3.1341145833333326,58.84375,9456666
-3.1355698529411717,58.84558823529417,9456666
-3.14111328125,58.8515625,9456666
-3.1378906250000016,58.84999999999999,9456666
-3.14111328125,58.8515625,9456666
-3.137109374999999,58.846875000000026,9456666
-3.1432291666666674,58.85416666666668,9456666
-3.14453125,58.878125000000026,9456666
-3.18359375,58.90625,9456666
-3.14501953125,58.875,9456666
-3.141992187499999,58.875,9456666
-3.135099712171049,58.84416118421036,9456666
-3.134765625,58.84375,9456666
-3.134765625,58.84375,9456666
-3.134765625,58.84375,9456666
-3.134765625,58.84375,9456666
-3.134765625,58.84375,9456666
-3.134765625,58.84375,9456666
-3.134765625,58.84375,9456666
-3.134765625,58.84375,9456666
-3.134765625,58.84375,9456666
-3.134765625,58.84375,9456666
-3.134765625,58.84375,9456666
-3.134765625,58.84375,9456666
-3.134765625,58.84375,9456666
-3.134765625,58.84375,9456666
-3.1360677083333304,58.84672619047621,9456666
-3.1374999999999984,58.84999999999999,9456666
-3.1341145833333326,58.84375,9456666
-3.137304687500001,58.84999999999999,9456666
-3.14111328125,58.8515625,9456666
-3.137109374999999,58.846875000000026,9456666
-3.14111328125,58.8515625,9456666
-3.1363636363636376,58.8494318181818,9456666
-3.13671875,58.84375,9456666
-3.1359375000000016,58.846875000000026,9456666
-3.134765625,58.84375,9456666
-3.134765625,58.84375,9456666
-3.134765625,58.84375,9456666
-3.134765625,58.84375,9456666
-3.134765625,58.84375,9456666
-3.134765625,58.84375,9456666
-3.134765625,58.84375,9456666
-3.134765625,58.84375,9456666
-3.134765625,58.84375,9456666
-3.134765625,58.84375,9456666
-3.136132812499999,58.846875000000026,9456666
-3.134765625,58.84375,9456666
-3.136132812499999,58.846875000000026,9456666
-3.134765625,58.84375,9456666
-3.136132812499999,58.846875000000026,9456666
-3.134765625,58.84375,9456666
-3.134765625,58.84375,9456666
-3.134765625,58.84375,9456666
-3.134765625,58.84375,9456666
-3.134765625,58.84375,9456666
-3.134765625,58.84375,9456666
-3.134765625,58.84375,9456666
-3.134765625,58.84375,9456666
-3.134765625,58.84375,9456666
-3.134765625,58.84375,9456666
-3.134765625,58.84375,9456666
-3.134765625,58.84375,9456666
-3.134765625,58.84375,9456666
19.828125,54.65625,9195535
20.46875,54.6875,9195535
11.453125,53.90625,9195535
0.263427734375,52.9375,9195535
0.2010498046875,52.78125,9195535
6.8203125,53.4375,9195535
-1.90234375,43.3125,9195535
-3.814453125,43.4375,9195535
-3.3896484375,51.21875,9195535
-2.478515625,51.71875,9195535
-3.392578125,51.21875,9195535
-2.96875,51.5625,9195535
-1.91796875,43.3125,9195535
-3.814453125,43.4375,9195535
-2.478515625,51.71875,9195535
-3.244140625,51.375,9195535
-2.966796875,51.5625,9195535
-1.91796875,43.3125,9195535
-1.2109375,46.15625,9195535
-3.076171875,53.94999999999999,9195535
-2.478515625,51.71875,9195535
-3.228515625,51.375,9195535
-2.9699218750000007,51.5625,9195535
2.556640625,51.34375,9195535
4.28515625,51.34375,9195535
4.40234375,51.875,9195535
-8.78125,42.59375,9195535
-8.8203125,40.6875,9195535
-8.6796875,40.625,9195535
4.34765625,51.09375,9195535
4.78125,52.40625,9195535
4.345052083333334,56.60416666666667,9195535
9.8828125,63.3125,9195535
4.3515625,61.53125,9195535
5.0703125,60.84375,9195535
10.0546875,56.46875,9195535
14.4765625,55.9375,9195535
14.342187500000009,55.9375,9195535
9.96875,53.5,9195535
9.1796875,53.875,9195535
3.810546875,51.9375,9195535
4.328125,51.90625,9195535
4.40234375,51.875,9195535
-8.78125,42.59375,9195535
-3.05859375,43.34375,9195535
4.6484375,51.8125,9195535
4.57421875,51.90625,9195535
4.78125,52.40625,9195535
9.8828125,63.3125,9195535
7.40234375,62.96875,9195535
4.8671875,52.40625,9195535
4.60546875,52.46875,9195535
-8.703125,42.40625,9195535
-8.6796875,40.625,9195535
4.34765625,51.09375,9195535
4.47265625,51.90625,9195535
4.40234375,51.875,9195535
-8.78125,42.59375,9195535
-8.84375,42.59375,9195535
-8.6953125,42.40625,9195535
4.34765625,51.09375,9195535
4.875,52.40625,9195535
4.7734375,52.40625,9195535
-3.501953125,50.53125,9195535
-2.98046875,51.5625,9195535
-8.8125,40.65625,9195535
-8.7265625,40.65625,9195535
-8.6796875,40.625,9195535
3.599609375,51.40625,9195535
3.701171875,51.46875,9195535
4.34765625,51.09375,9195535
4.63671875,51.8125,9195535
9.875,63.3125,9195535
5.921875,58.46875,9195535
10.9453125,54.0,9195535
10.8046875,53.90625,9195535
11.453125,53.90625,9195535
0.396728515625,52.75,9195535
3.79296875,51.9375,9195535
4.63671875,51.8125,9195535
9.875,63.3125,9195535
6.5390625,60.09375,9195535
-2.751953125,53.34375,9195535
-2.98046875,51.5625,9195535
4.60546875,52.46875,9195535
4.40234375,51.875,9195535
-8.7734375,42.59375,9195535
-6.28515625,53.71875,9195535
-2.98828125,51.5625,9195535
-1.9208984375,43.3125,9195535
-3.81640625,43.4375,9195535
-3.328125,51.34375,9195535
-2.474609375,51.71875,9195535
-3.21875,51.375,9195535
-2.966796875,51.5625,9195535
2.576171875,51.34375,9195535
4.28515625,51.34375,9195535
3.796875,51.96875,9195535
4.63671875,51.8125,9195535
9.875,63.3125,9195535
5.734375,58.4375,9195535
5.7578125,58.40625,9195535
5.921875,58.46875,9195535
10.8046875,53.90625,9195535
10.953125,54.03125,9195535
23.890625,57.125,9195535
24.109375,57.0,9195535
4.87109375,52.40625,9195535
4.47265625,51.90625,9195535
4.40234375,51.875,9195535
-8.7734375,42.59375,9195535
-3.345703125,53.46875,9195535
-3.03125,53.40625,9195535
-3.21875,51.375,9195535
-2.98828125,51.5625,9195535
4.23828125,51.90625,9195535
3.734375,51.09375,9195535
4.29296875,51.34375,9195535
1.3671875,51.40625,9195535
-9.793402777777764,53.25173611111106,8019394
-10.03125,53.5625,8019394
-9.888671875,53.28385416666669,8019394
-9.7734375,53.265625,8019394
-8.4140625,54.59375,8019394
-8.4375,54.625,8019394
-8.421875,54.625,8019394
-8.4296875,54.625,8019394
-8.579483695652176,54.56521739130427,8019394
-10.2109375,51.75,8019394
-10.1953125,51.8125,8019394
-10.2109375,51.75,8019394
-10.2109375,51.78125,8019394
-10.140625,52.28125,8019394
-9.046875,53.28125,8019394
-9.798828125,53.25260416666669,8019394
-8.4375,54.625,8019394
-8.4375,54.625,8019394
-8.450520833333332,54.59375,8019394
-8.453125,54.59375,8019394
-8.44507575757575,54.625,8019394
-9.824652777777771,53.25347222222223,8019394
-8.4453125,54.59375,8019394
-8.49609375,54.59895833333332,8019394
-9.96231617647058,53.310661764705856,8019394
-8.674999999999997,54.57499999999999,8019394
-9.90625,53.8125,8019394
-9.90625,53.8125,8019394
-10.2109375,51.75,8019394
-8.7109375,54.5625,8019394
-8.7109375,54.5625,8019394
-8.469460227272734,54.6193181818182,8019394
-7.62109375,55.23958333333333,8019394
-8.4375,54.625,8019394
-9.8671875,53.375,8019394
-9.90625,51.65625,8019394
-9.765625,51.65625,8019394
-9.90625,51.65625,8019394
-9.9609375,53.8125,8019394
-9.90625,53.8125,8019394
-8.315406976744214,54.625,8019394
-8.4716796875,54.5703125,8019394
-8.40104166666667,54.56770833333332,8019394
-8.606250000000003,54.6,8019394
-7.546875,55.15625,8019394
-9.868055555555555,53.375,8019394
-9.89603365384616,53.375,8019394
-10.2109375,51.75,8019394
-9.90625,53.8125,8019394
-8.478515625,54.6015625,8019394
-4.68359375,55.5625,8019394
-5.714146205357101,56.4988839285712,8019394
-5.521484375,56.421875,8019394
-5.769675925925961,56.53125,8019394
-5.237777217741975,56.719086021505404,8019394
-5.4765625,56.40625,8019394
-5.7734375,56.5078125,8019394
-5.750676081730773,56.50060096153855,8019394
-5.4765625,56.40625,8019394
-5.722245065789478,56.50164473684215,8019394
-5.4765625,56.40625,8019394
-8.4375,54.53125,8019394
-8.44437499999998,54.56124999999997,8019394
-8.4453125,54.5625,8019394
29.5625,41.46875,9787182
29.46875,41.4375,9787182
26.630367366412408,40.34613549618288,9787182
13.78125,45.625,9787182
20.03125,30.890625,9787182
8.5546875,44.09375,9787182
8.6484375,44.0,9787182
8.625,44.03125,9787182
8.6015625,44.0625,9787182
8.4609375,44.28125,9787182
7.212890625,41.3359375,9787182
7.203125,41.3125,9787182
6.739583333333334,40.29166666666667,9787182
5.4453125,37.09375,9787182
5.58984375,37.09375,9787182
5.5859375,37.1875,9787182
5.4296875,37.28125,9787182
5.2001953125,37.015625,9787182
5.211718749999999,36.9375,9787182
5.25390625,37.03125,9787182
5.223437499999999,36.85,9787182
5.234375,36.83333333333333,9787182
5.25,36.84375,9787182
5.227213541666665,36.79166666666668,9787182
5.1144153225806495,36.81048387096769,9787182
-6.930575284090907,37.09232954545452,9787182
-6.8984375,37.09375,9787182
-6.875,36.875,9787182
-11.9609375,36.21875,9787182
9.140625,3.240234375,9787182
9.1953125,3.41015625,9787182
9.1171875,3.365234375,9787182
9.375,38.90625,9787182
9.2734375,38.9375,9787182
9.3828125,38.90625,9787182
9.109375,39.0625,9787182
9.0859375,39.09375,9787182
28.421875,59.71875,9787182
32.3125,31.453125,9787182
68.375,21.796875,9787182
68.3125,21.828125,9787182
69.9375,22.65625,9787182
69.8125,22.609375,9787182
42.27958333333322,17.235000000000042,9787182
32.56770833333332,29.84114583333334,9787182
9.0859375,39.09375,9787182
-81.46875,23.7578125,9787182
-94.625,28.5,9787182
-88.5,30.328125,9787182
-96.875,27.80078125,9787182
-97.4375,27.8125,9787182
-6.89453125,37.09375,9787182
24.515625,59.5,9787182
26.875,59.96875,9787182
28.70361328125,60.34375,9787182
15.265625,37.125,9787182
16.765625,36.6875,9787182
18.375,30.65625,9787182
3.42578125,51.875,9787182
4.1484375,51.9375,9787182
26.203125,59.90625,9787182
28.421875,59.71875,9787182
3.6484375,52.125,9787182
4.16015625,51.9375,9787182
21.359375,57.5,9787182
21.546875,57.40625,9787182
-8.4375,45.96875,9787182
22.67024739583339,36.681640625,9787182
22.71875,36.59375,9787182
32.34375,31.390625,9787182
32.51136363636367,30.282670454545467,9787182
103.5,1.2342623197115363,9787182
103.4375,1.2705078125,9787182
103.5625,1.265625,9787182
103.6875,1.244140625,9787182
103.4375,1.25439453125,9787182
103.5625,1.2283854166666697,9787182
103.6875,1.2021484375,9787182
32.5625,29.8125,9787182
10.6875,57.65625,9705914
11.1796875,58.1875,9705914
11.428955078125,58.34375,9705914
2.73046875,51.46875,9705914
4.3359375,51.28125,9705914
4.2890625,51.34375,9705914
2.623046875,51.4375,9705914
3.9609375,52.4375,9705914
4.82421875,52.40625,9705914
3.41796875,6.32421875,9705914
3.3359375,6.3125,9705914
3.333984375,6.32421875,9705914
3.373046875,6.453125,9705914
-5.171875,36.1875,9705914
-5.36328125,36.125,9705914
-4.68359375,36.15625,9705914
-4.64453125,36.28125,9705914
-4.51953125,36.15625,9705914
-6.97265625,36.84375,9705914
-6.87109375,37.09375,9705914
-6.9375,37.21875,9705914
-16.171875,28.5,9705914
-16.171875,28.5,9705914
-16.171875,28.5,9705914
-16.21875,28.484375,9705914
-16.171875,28.5,9705914
-16.171875,28.5,9705914
-9.1328125,38.3125,9705914
-8.7890625,38.46875,9705914
-9.0625,38.25,9705914
-10.2265625,38.375,9705914
-10.234375,38.1875,9705914
-10.2578125,38.34375,9705914
-10.234375,38.3125,9705914
-10.3984375,38.34375,9705914
-10.453125,38.3125,9705914
-10.625,38.40625,9705914
-10.734375,38.5,9705914
-10.359375,38.34375,9705914
-10.417534722222229,38.34375,9705914
-3.099609375,43.375,9705914
-75.1875,39.875,9705914
-75.4375,39.8125,9705914
4.015625,52.4375,9705914
4.82421875,52.40625,9705914
4.625,52.46875,9705914
3.38671875,6.31640625,9705914
3.376953125,6.45703125,9705914
-5.3203125,51.53125,9705914
-5.02734375,51.6875,9705914
-63.28125,49.05208333333333,9705914
-69.1875,48.25,9705914
-72.5625,46.28125,9705914
-73.5,45.625,9705914
3.751953125,51.40625,9705914
2.56640625,51.40625,9705914
3.95703125,52.4375,9705914
4.84765625,52.40625,9705914
3.439453125,6.328125,9705914
3.40234375,6.28515625,9705914
3.32421875,6.27734375,9705914
3.33984375,6.25390625,9705914
3.3984375,6.28515625,9705914
3.373046875,6.453125,9705914
3.45703125,6.328125,9705914
-8.859375,37.9375,9705914
-73.75,40.5,9705914
-74.1875,40.59375,9705914
2.650390625,51.4375,9705914
3.751953125,51.40625,9705914
20.27796052631569,55.68475877192998,9705914
21.09375,55.71875,9705914
21.375,57.5,9705914
21.502130681818148,57.43607954545452,9705914
21.46875,57.46875,9705914
21.46875,57.43805803571434,9705914
20.859375,55.78125,9705914
20.703125,55.65625,9705914
21.09375,55.71875,9705914
4.265625,51.875,9705914
-7.38671875,33.78125,9705914
-81.34375,30.4140625,9437907
-81.5625,30.390625,9437907
-81.125,32.09375,9437907
-75.77499999999998,36.81875,9437907
-76.5,39.25,9437907
-74.1875,40.625,9437907
-17.375,14.625,9437907
-17.421875,14.671875,9437907
3.33203125,6.4375,9437907
2.5390625,6.30078125,9437907
2.419921875,6.34765625,9437907
1.28515625,6.14453125,9437907
0.074951171875,5.5546875,9437907
0.0116653442382812,5.62890625,9437907
-95.125,28.84375,9437907
-95.3125,28.9375,9437907
-81.125,32.09375,9437907
-81.5625,30.390625,9437907
-75.5625,36.71875,9437907
-76.5625,39.25,9437907
-76.5,39.25,9437907
-74.1875,40.625,9437907
-75.5,39.71875,9437907
-17.328125,14.6015625,9437907
-17.421875,14.671875,9437907
2.548828125,6.27734375,9437907
2.419921875,6.34765625,9437907
3.33203125,6.4375,9437907
1.3173828125,6.015625,9437907
1.28515625,6.140625,9437907
0.0066680908203125,5.625,9437907
27.953125,-33.0625,9437907
28.109375,-33.28125,9437907
27.90625,-33.03125,9437907
25.796875,-33.875,9437907
25.625,-33.96875,9437907
6.1875,53.625,9437907
7.171875,53.34375,9437907
7.65234375,53.875,9437907
8.546875,53.5625,9437907
3.76171875,51.40625,9437907
-63.5,44.625,9437907
-97.25,22.703125,9437907
-97.75,22.625,9437907
-97.875,22.484375,9437907
-66.0625,18.4375,9437907
-75.125,39.90625,9437907
-75.4375,39.8125,9437907
-75.5,39.71875,9437907
-74.125,40.6875,9437907
-71.3125,41.34375,9437907
-71.375,41.78125,9437907
2.482421875,6.2890625,9437907
2.4609375,6.203125,9437907
2.478515625,6.2421875,9437907
2.427734375,6.345703125,9437907
3.33203125,6.4375,9437907
1.3076171875,6.1171875,9437907
25.625,-33.96875,9437907
2.716796875,51.46875,9437907
3.734375,51.40625,9437907
6.1875,53.65625,9437907
7.1796875,53.34375,9437907
3.353515625,51.8125,9437907
4.24609375,51.28125,9437907
10.0,53.53125,9437907
0.1787109375,49.46875,9437907
-17.421875,14.671875,9437907
1.28515625,6.140625,9437907
9.734375,1.82421875,9437907
8.78125,3.8046875,9437907
8.8671875,3.802734375,9437907
8.8828125,3.85546875,9437907
8.78125,3.759765625,9437907
8.8125,3.833984375,9437907
9.6796875,4.04296875,9437907
9.5,0.284423828125,9437907
31.203125,-29.78125,9437907
31.1875,-29.8125,9437907
31.03125,-29.875,9437907
32.5625,-25.96875,9437907
-15.4140625,28.140625,9437907
-8.75,42.21875,9437907
2.580078125,51.40625,9437907
3.23828125,51.3125,9437907
6.20703125,53.65625,9437907
7.1796875,53.34375,9437907
11.8671875,57.6875,9437907
2.583984375,51.4375,9437907
3.2265625,51.3125,9437907
-76.5,39.25,9437907
-74.0,40.6875,9437907
-74.125,40.6875,9437907
-17.359375,14.6328125,9437907
-17.421875,14.671875,9437907
2.517578125,6.28515625,9437907
2.423828125,6.34765625,9437907
3.33203125,6.43359375,9437907
1.318359375,6.078125,9437907
1.28515625,6.14453125,9437907
0.008056640625,5.625,9437907
12.125,-19.3125,9437907
27.90625,-33.03125,9437907
25.640625,-33.96875,9437907
72.125,71.25,9768526
-5.4375,51.4375,9768526
-5.0,51.6875,9768526
72.125,71.25,9768526
34.28125,69.3125,9768526
72.4375,71.375,9768526
72.0625,71.25,9768526
-2.763671875,47.0,9768526
-2.47265625,47.125,9768526
-2.142578125,47.3125,9768526
72.125,71.25,9768526
3.21484375,51.34375,9768526
72.125,71.25,9768526
3.212890625,51.34375,9768526
72.125,71.25,9768526
4.078125,51.96875,9768526
72.4375,71.375,9768526
72.125,71.25,9768526
3.21484375,51.34375,9768526
72.4375,71.375,9768526
72.125,71.25,9768526
-3.095703125,43.375,9768526
72.125,71.25,9768526
3.001953125,52.52083333333333,9768526
3.21484375,51.34375,9768526
72.125,71.25,9768526
3.212890625,51.34375,9768526
72.5,71.3125,9768526
72.125,71.25,9768526
-8.2421875,43.46875,9768526
72.4375,71.375,9768526
72.0625,71.25,9768526
116.72222222222216,22.75,9768526
116.375,22.921875,9768526
128.0,34.59375,9768526
74.375,74.25,9768526
72.17857142857142,71.30357142857142,9768526
122.175,32.712500000000006,9768526
121.80357142857136,32.53125,9768526
127.9375,34.625,9768526
73.3125,74.0,9768526
72.0625,71.25,9768526
125.0,32.90625,9768526
122.1875,32.6015625,9768526
121.96527777777784,32.53125,9768526
121.4375,32.5625,9768526
127.93055555555554,34.65625,9768526
72.125,71.3125,9768526
72.125,71.25,9768526
-2.13671875,47.3125,9768526
73.8125,72.6875,9768526
72.125,71.25,9768526
3.462890625,52.0,9768526
4.078125,51.96875,9768526
72.125,71.25,9768526
-2.142578125,47.3125,9768526
-48.34375,-25.703125,9703265
-48.4375,-25.5,9703265
-48.5,-25.5,9703265
-4.203125,53.375,9703265
-3.01953125,53.46875,9703265
-46.53125,44.03125,9703265
-66.0,38.71875,9703265
-66.3125,38.34375,9703265
-76.125,37.25,9703265
-76.4375,36.96875,9703265
-76.125,37.12753378378383,9703265
-76.4375,36.96875,9703265
-38.8125,-3.533203125,9703265
-44.3125,-2.37890625,9703265
-43.65625,-1.5439453125,9703265
-44.375,-2.412109375,9703265
-39.90625,-2.18359375,9703265
25.671875,-33.875,9703265
104.0625,1.2998046875,9703265
119.6875,39.71875,9703265
119.5625,39.90625,9703265
-130.625,54.09375,9703265
-130.375,54.21875,9703265
-79.5,8.8359375,9703265
-79.5625,8.984375,9703265
-79.9375,9.2734375,9703265
3.79296875,52.4375,9703265
4.5859375,52.46875,9703265
4.3046875,52.53125,9703265
4.59375,52.46875,9703265
-15.427083333333332,47.94791666666667,9703265
-89.8125,29.5625,9703265
-89.9375,29.875,9703265
-90.125,29.9375,9703265
-79.72916666666666,13.0,9703265
-79.9375,9.46875,9703265
-79.9375,9.2265625,9703265
-79.5625,8.9765625,9703265
122.8125,29.796875,9703265
122.0,30.03125,9703265
122.75,31.25,9703265
121.25,31.640625,9703265
119.875,32.21875,9703265
118.0625,3.94921875,9703265
-1.1513671875,54.59375,9181077
4.12890625,51.9375,9181077
-1.1513671875,54.59375,9181077
4.12890625,51.9375,9181077
-1.1484375,54.59375,9181077
3.193359375,51.34375,9181077
-1.1494140625,54.59375,9181077
4.12890625,51.9375,9181077
-1.1494140625,54.59375,9181077
4.12890625,51.9375,9181077
-1.1513671875,54.59375,9181077
3.193359375,51.34375,9181077
0.386474609375,51.4375,9181077
3.189453125,51.34375,9181077
0.386474609375,51.4375,9181077
3.1875,51.34375,9181077
0.386474609375,51.4375,9181077
3.193359375,51.34375,9181077
-1.1513671875,54.59375,9181077
3.193359375,51.34375,9181077
-1.1513671875,54.59375,9181077
3.193359375,51.34375,9181077
-1.1513671875,54.59375,9181077
3.193359375,51.34375,9181077
-1.1513671875,54.59375,9181077
4.12890625,51.9375,9181077
-1.1494140625,54.59375,9181077
3.189453125,51.34375,9181077
0.38671875,51.4375,9181077
3.189453125,51.34375,9181077
0.385009765625,51.4375,9181077
3.189453125,51.34375,9181077
0.38671875,51.4375,9181077
3.189453125,51.34375,9181077
0.386474609375,51.4375,9181077
3.189453125,51.34375,9181077
0.386474609375,51.4375,9181077
3.189453125,51.34375,9181077
0.38671875,51.4375,9181077
3.189453125,51.34375,9181077
0.38671875,51.4375,9181077
3.189453125,51.34375,9181077
0.38671875,51.4375,9181077
3.193359375,51.34375,9181077
-1.1513671875,54.59375,9181077
3.193359375,51.34375,9181077
-1.150390625,54.59375,9181077
3.189453125,51.34375,9181077
0.3818359375,51.4375,9181077
3.189453125,51.34375,9181077
0.3818359375,51.4375,9181077
3.189453125,51.34375,9181077
0.3818359375,51.4375,9181077
3.189453125,51.34375,9181077
0.381591796875,51.4375,9181077
3.189453125,51.34375,9181077
0.38671875,51.4375,9181077
3.189453125,51.34375,9181077
0.38671875,51.4375,9181077
3.189453125,51.34375,9181077
0.386474609375,51.4375,9181077
3.189453125,51.34375,9181077
0.38671875,51.4375,9181077
3.189453125,51.34375,9181077
0.386474609375,51.4375,9181077
3.193359375,51.34375,9181077
-1.1494140625,54.59375,9181077
4.12890625,51.9375,9181077
-1.1494140625,54.59375,9181077
4.12890625,51.9375,9181077
-1.1494140625,54.59375,9181077
3.193359375,51.34375,9181077
-1.1494140625,54.59375,9181077
4.12890625,51.9375,9181077
-1.1494140625,54.59375,9181077
4.12890625,51.9375,9181077
-1.1494140625,54.59375,9181077
3.193359375,51.34375,9181077
-1.1494140625,54.59375,9181077
4.1328125,51.9375,9181077
-1.1494140625,54.59375,9181077
4.12890625,51.9375,9181077
-1.15234375,54.625,9181077
3.193359375,51.34375,9181077
-1.1494140625,54.59375,9181077
4.12890625,51.9375,9181077
-1.1494140625,54.59375,9181077
4.12890625,51.9375,9181077
-1.15234375,54.625,9181077
3.193359375,51.34375,9181077
-1.1494140625,54.59375,9181077
4.12890625,51.9375,9181077
-1.1494140625,54.59375,9181077
4.12890625,51.9375,9181077
-1.15234375,54.625,9181077
3.193359375,51.34375,9181077
-1.1494140625,54.59375,9181077
4.12890625,51.9375,9181077
-1.1494140625,54.59375,9181077
4.12890625,51.9375,9181077
-1.15234375,54.625,9181077
3.193359375,51.34375,9181077
-1.1494140625,54.59375,9181077
4.12890625,51.9375,9181077
-1.1494140625,54.59375,9181077
4.12890625,51.9375,9181077
-1.15234375,54.625,9181077
3.193359375,51.34375,9181077
-1.1494140625,54.59375,9181077
4.12890625,51.9375,9181077
-1.1494140625,54.59375,9181077
4.12890625,51.9375,9181077
-1.15234375,54.625,9181077
3.193359375,51.34375,9181077
-1.1484375,54.59375,9181077
4.12890625,51.9375,9181077
-1.1494140625,54.59375,9181077
4.12890625,51.9375,9181077
-1.15234375,54.625,9181077
3.193359375,51.34375,9181077
-1.1494140625,54.59375,9181077
4.12890625,51.9375,9181077
-1.1494140625,54.59375,9181077
4.12890625,51.9375,9181077
-1.15234375,54.625,9181077
3.193359375,51.34375,9181077
-1.1494140625,54.59375,9181077
4.12890625,51.9375,9181077
-1.1494140625,54.59375,9181077
4.12890625,51.9375,9181077
-1.15234375,54.625,9181077
3.193359375,51.34375,9181077
-1.1494140625,54.59375,9181077
4.12890625,51.9375,9181077
-1.1490885416666663,54.61458333333333,9181077
4.12890625,51.9375,9181077
-1.1494140625,54.59375,9181077
3.193359375,51.34375,9181077
-1.1494140625,54.59375,9181077
4.12890625,51.9375,9181077
-1.1494140625,54.59375,9181077
4.12890625,51.9375,9181077
-1.1494140625,54.59375,9181077
3.193359375,51.34375,9181077
-1.1494140625,54.59375,9181077
4.12890625,51.9375,9181077
-1.1484375,54.59375,9181077
3.193359375,51.34375,9181077
4.12890625,51.9375,9181077
-1.1494140625,54.59375,9181077
4.12890625,51.9375,9181077
-1.1494140625,54.59375,9181077
3.193359375,51.34375,9181077
-1.1494140625,54.59375,9181077
4.12890625,51.9375,9181077
-1.1494140625,54.59375,9181077
4.12890625,51.9375,9181077
-1.1494140625,54.59375,9181077
3.193359375,51.34375,9181077
-1.1494140625,54.59375,9181077
4.12890625,51.9375,9181077
-1.1494140625,54.59375,9181077
4.12890625,51.9375,9181077
-1.1494140625,54.59375,9181077
3.193359375,51.34375,9181077
-1.1494140625,54.59375,9181077
4.12890625,51.9375,9181077
-1.1494140625,54.59375,9181077
4.12890625,51.9375,9181077
-1.1494140625,54.59375,9181077
3.193359375,51.34375,9181077
-1.1494140625,54.59375,9181077
4.12890625,51.9375,9181077
-1.1494140625,54.59375,9181077
4.12890625,51.9375,9181077
-1.1494140625,54.59375,9181077
3.193359375,51.34375,9181077
-1.1494140625,54.59375,9181077
4.12890625,51.9375,9181077
-1.1494140625,54.59375,9181077
4.12890625,51.9375,9181077
-1.1494140625,54.59375,9181077
3.193359375,51.34375,9181077
-1.1494140625,54.59375,9181077
4.12890625,51.9375,9181077
-1.1494140625,54.59375,9181077
4.12890625,51.9375,9181077
-1.1494140625,54.59375,9181077
3.193359375,51.34375,9181077
-1.1494140625,54.59375,9181077
4.12890625,51.9375,9181077
-1.1494140625,54.59375,9181077
4.12890625,51.9375,9181077
-1.1494140625,54.59375,9181077
3.193359375,51.34375,9181077
-1.1494140625,54.59375,9181077
4.12890625,51.9375,9181077
-1.1494140625,54.59375,9181077
4.12890625,51.9375,9181077
-1.1494140625,54.59375,9181077
3.193359375,51.34375,9181077
-1.1494140625,54.59375,9181077
4.12890625,51.9375,9181077
-1.1494140625,54.59375,9181077
4.12890625,51.9375,9181077
-1.1494140625,54.59375,9181077
3.193359375,51.34375,9181077
-1.1494140625,54.59375,9181077
4.12890625,51.9375,9181077
-1.1494140625,54.59375,9181077
4.12890625,51.9375,9181077
-1.1494140625,54.59375,9181077
4.12890625,51.9375,9181077
-1.1494140625,54.59375,9181077
4.12890625,51.9375,9181077
-1.1494140625,54.59375,9181077
4.12890625,51.9375,9181077
-1.1494140625,54.59375,9181077
4.12890625,51.9375,9181077
-1.1494140625,54.59375,9181077
4.12890625,51.9375,9181077
-1.1494140625,54.59375,9181077
4.12890625,51.9375,9181077
-1.1494140625,54.59375,9181077
4.12890625,51.9375,9181077
-1.1494140625,54.59375,9181077
4.12890625,51.9375,9181077
-1.1494140625,54.59375,9181077
4.12890625,51.9375,9181077
-1.1494140625,54.59375,9181077
4.12890625,51.9375,9181077
-1.1494140625,54.59375,9181077
4.12890625,51.9375,9181077
-1.1494140625,54.59375,9181077
4.12890625,51.9375,9181077
-1.1494140625,54.59375,9181077
3.193359375,51.34375,9181077
-1.1494140625,54.59375,9181077
4.12890625,51.9375,9181077
-1.1494140625,54.59375,9181077
4.12890625,51.9375,9181077
-1.1494140625,54.59375,9181077
3.193359375,51.34375,9181077
-1.1494140625,54.59375,9181077
4.12890625,51.9375,9181077
-1.1494140625,54.59375,9181077
4.12890625,51.9375,9181077
-1.1494140625,54.59375,9181077
4.12890625,51.9375,9181077
-1.1494140625,54.59375,9181077
4.12890625,51.9375,9181077
-1.1494140625,54.59375,9181077
3.19140625,51.34375,9181077
-1.1494140625,54.59375,9181077
4.12890625,51.9375,9181077
-1.1494140625,54.59375,9181077
4.12890625,51.9375,9181077
-1.1494140625,54.59375,9181077
3.19140625,51.34375,9181077
-1.1494140625,54.59375,9181077
4.12890625,51.9375,9181077
-1.1494140625,54.59375,9181077
4.12890625,51.9375,9181077
-1.1494140625,54.59375,9181077
4.12890625,51.9375,9181077
-1.150390625,54.59375,9181077
4.12890625,51.9375,9181077
-1.1494140625,54.59375,9181077
4.12890625,51.9375,9181077
-1.150390625,54.59375,9181077
4.12890625,51.9375,9181077
-1.1494140625,54.59375,9181077
4.12890625,51.9375,9181077
-1.150390625,54.59375,9181077
4.12890625,51.9375,9181077
-1.1484375,54.59375,9181077
3.19140625,51.34375,9181077
-1.1494140625,54.59375,9181077
4.12890625,51.9375,9181077
-1.1494140625,54.59375,9181077
4.12890625,51.9375,9181077
-1.1494140625,54.59375,9181077
4.12890625,51.9375,9181077
-1.1494140625,54.59375,9181077
4.12890625,51.9375,9181077
-1.1494140625,54.59375,9181077
4.12890625,51.9375,9181077
-1.1494140625,54.59375,9181077
4.12890625,51.9375,9181077
-1.1494140625,54.59375,9181077
4.12890625,51.9375,9181077
-1.1494140625,54.59375,9181077
4.12890625,51.9375,9181077
3.189453125,51.34375,9181077
0.386474609375,51.4375,9181077
3.189453125,51.34375,9181077
0.386474609375,51.4375,9181077
3.19140625,51.34375,9181077
18.5,54.53125,9215505
15.625,56.15625,9215505
18.5,54.53125,9215505
15.625,56.15625,9215505
18.5,54.53125,9215505
15.625,56.15625,9215505
18.5,54.53125,9215505
15.625,56.15625,9215505
18.5,54.53125,9215505
15.625,56.15625,9215505
18.5,54.53125,9215505
15.625,56.15625,9215505
18.5,54.53125,9215505
18.5,54.53125,9215505
18.5,54.53125,9215505
15.625,56.15625,9215505
18.5,54.53125,9215505
15.625,56.15625,9215505
18.5,54.53125,9215505
15.6328125,56.15625,9215505
18.5,54.53125,9215505
15.6328125,56.15625,9215505
18.5,54.53125,9215505
15.6328125,56.15625,9215505
18.5,54.53125,9215505
15.6328125,56.15625,9215505
18.5,54.53125,9215505
15.6328125,56.15625,9215505
18.5,54.53125,9215505
15.6328125,56.15625,9215505
18.5,54.53125,9215505
15.6328125,56.15625,9215505
18.5,54.53125,9215505
15.6328125,56.15625,9215505
18.5,54.53125,9215505
15.6328125,56.15625,9215505
18.5,54.53125,9215505
15.6328125,56.15625,9215505
18.5,54.53125,9215505
15.6328125,56.15625,9215505
15.6328125,56.15625,9215505
18.5,54.53125,9215505
15.6328125,56.15625,9215505
18.5,54.53125,9215505
15.6328125,56.15625,9215505
18.5,54.53125,9215505
15.6328125,56.15625,9215505
18.5,54.53125,9215505
15.6328125,56.15625,9215505
18.5,54.53125,9215505
15.6328125,56.15625,9215505
18.5,54.53125,9215505
15.6328125,56.15625,9215505
18.5,54.53125,9215505
15.6328125,56.15625,9215505
18.5,54.53125,9215505
15.6328125,56.15625,9215505
18.5,54.53125,9215505
15.6328125,56.15625,9215505
18.5,54.53125,9215505
15.6328125,56.15625,9215505
18.5,54.53125,9215505
15.6328125,56.15625,9215505
18.5,54.53125,9215505
-6.19921875,53.34375,9215505
-5.22265625,53.34375,9215505
-6.19921875,53.34375,9215505
-5.201171875,53.3359375,9215505
-6.19921875,53.34375,9215505
-6.19921875,53.34375,9215505
-6.07421875,53.3125,9215505
-6.19921875,53.34375,9215505
-5.2109375,53.34895833333332,9215505
-6.19921875,53.34375,9215505
-6.19921875,53.34375,9215505
-5.1982421875,53.3359375,9215505
-6.19921875,53.34375,9215505
-5.129687499999999,53.35,9215505
-6.19921875,53.34375,9215505
-6.19921875,53.34375,9215505
-5.1640625,53.34375,9215505
-6.19921875,53.34375,9215505
-6.19921875,53.34375,9215505
-5.15234375,53.34375,9215505
-6.19921875,53.34375,9215505
-6.19921875,53.34375,9215505
-6.19921875,53.34375,9215505
-6.19921875,53.34375,9215505
-6.19921875,53.34375,9215505
-5.039843749999999,53.34375,9215505
-6.19921875,53.34375,9215505
-6.19921875,53.34375,9215505
-4.82666015625,53.234375,9215505
-5.07395833333333,52.06041666666664,9215505
-6.3359375,52.25,9215505
-1.6148437500000004,49.65625,9215505
-6.256510416666664,51.916666666666686,9215505
-1.61328125,49.65625,9215505
-6.3212890625,52.25,9215505
-1.6525390624999998,49.67500000000001,9215505
-6.3359375,52.25,9215505
-6.19921875,53.34375,9215505
-6.19921875,53.34375,9215505
-5.203125,53.34375,9215505
-6.19921875,53.34375,9215505
-6.19921875,53.34375,9215505
-6.19921875,53.34375,9215505
-5.322265625,53.34375,9215505
-6.19921875,53.34375,9215505
-6.19921875,53.34375,9215505
-6.19921875,53.34375,9215505
-5.1162109375,53.34375,9215505
-6.19921875,53.34375,9215505
-5.223307291666665,53.33854166666668,9215505
-6.19921875,53.34375,9215505
-6.19921875,53.34375,9215505
-6.19921875,53.34375,9215505
-6.19921875,53.34375,9215505
-5.190104166666665,53.33854166666668,9215505
-6.19921875,53.34375,9215505
-5.119140625,53.34375,9215505
-6.19921875,53.34375,9215505
-5.068750000000001,53.337500000000006,9215505
-6.19921875,53.34375,9215505
-5.12109375,53.34375,9215505
-6.19921875,53.34375,9215505
-6.19921875,53.34375,9215505
-5.02734375,53.34375,9215505
-6.19921875,53.34375,9215505
-5.057031250000001,53.337500000000006,9215505
-6.19921875,53.34375,9215505
-5.0,53.34375,9215505
-6.19921875,53.34375,9215505
-6.19921875,53.34375,9215505
-6.19921875,53.34375,9215505
-6.19921875,53.34375,9215505
-6.19921875,53.34375,9215505
-5.87890625,54.625,9215505
-5.87890625,54.625,9215505
-5.88671875,54.625,9215505
-5.325520833333334,54.92708333333333,9215505
-5.27734375,54.96875,9215505
-5.28125,54.96875,9215505
-5.87890625,54.625,9215505
-5.2890625,54.94791666666667,9215505
-5.87890625,54.625,9215505
-5.32421875,54.9375,9215505
-5.268229166666666,54.96875,9215505
-5.321614583333334,54.92708333333333,9215505
-5.87890625,54.625,9215505
-5.274739583333334,54.96875,9215505
-5.31640625,54.9375,9215505
-5.87890625,54.625,9215505
-5.88671875,54.625,9215505
-5.87890625,54.625,9215505
-5.25,54.97916666666667,9215505
-5.87890625,54.625,9215505
-5.16015625,55.01041666666667,9215505
-5.282552083333334,54.94791666666667,9215505
-5.287760416666666,54.96875,9215505
-5.87890625,54.625,9215505
-5.252604166666666,54.97916666666667,9215505
-5.87890625,54.625,9215505
-5.87890625,54.625,9215505
-5.3203125,54.9375,9215505
-5.87890625,54.625,9215505
-5.88671875,54.625,9215505
-5.87890625,54.625,9215505
-5.311197916666666,54.95833333333333,9215505
-5.87890625,54.625,9215505
-5.87890625,54.625,9215505
-5.87890625,54.625,9215505
15.6328125,56.15625,9215505
18.5,54.53125,9215505
15.6328125,56.15625,9215505
18.5,54.53125,9215505
15.6328125,56.15625,9215505
18.5,54.53125,9215505
15.6328125,56.15625,9215505
18.5,54.53125,9215505
15.6328125,56.15625,9215505
18.5,54.53125,9215505
15.6328125,56.15625,9215505
18.5,54.53125,9215505
15.6328125,56.15625,9215505
18.5,54.53125,9215505
15.6328125,56.15625,9215505
18.5,54.53125,9215505
15.6328125,56.15625,9215505
18.5,54.53125,9215505
15.6328125,56.15625,9215505
18.5,54.53125,9215505
15.6328125,56.15625,9215505
18.5,54.53125,9215505
15.6328125,56.15625,9215505
18.6015625,54.8125,9215505
15.6328125,56.15625,9215505
18.5,54.53125,9215505
15.6328125,56.15625,9215505
18.5,54.53125,9215505
18.5,54.53125,9215505
17.306770833333285,55.37708333333339,9215505
15.6328125,56.15625,9215505
18.62855113636363,54.5426136363637,9215505
15.6328125,56.15625,9215505
18.575000000000017,54.53125,9215505
18.546875,54.53125,9215505
18.546875,54.53125,9215505
18.546875,54.53125,9215505
15.625,56.15625,9215505
18.546875,54.53125,9215505
18.150297619047564,55.01934523809513,9215505
18.611607142857142,54.830357142857125,9215505
18.546875,54.53125,9215505
18.235156250000014,54.9765625,9215505
18.129076086956488,55.029891304347785,9215505
15.605925324675262,56.0791396103896,9215505
16.728732638888882,55.62152777777776,9215505
18.546875,54.53125,9215505
18.04513888888888,55.03298611111106,9215505
17.434782608695645,55.33763586956516,9215505
16.786458333333385,55.59166666666658,9215505
16.200407608695645,55.83831521739129,9215505
15.625,56.15625,9215505
17.982812499999973,55.06562500000005,9215505
15.625,56.15625,9215505
18.546875,54.53125,9215505
18.546875,54.53125,9215505
15.625,56.15625,9215505
18.071149553571512,55.053013392856975,9215505
15.625,56.15625,9215505
18.546875,54.53125,9215505
16.960597826086946,55.50407608695649,9215505
15.867914244186052,55.94113372093027,9215505
10.859375,53.9375,9215505
20.995535714285644,56.53080357142861,9215505
21.0,56.53125,9215505
21.0,56.53125,9215505
21.0,56.53125,9215505
21.0,56.53125,9215505
-5.393807870370374,54.89583333333327,9215505
-5.4228515625,54.93359375,9215505
-4.814083614864863,53.38935810810821,9215505
-4.682744565217385,53.34375,9215505
-5.338541666666662,53.34375,9215505
-4.68359375,53.34375,9215505
-4.690234374999998,53.34062499999997,9215505
-4.688727678571432,53.34375,9215505
-4.8229549632352855,53.34375,9215505
-4.878196022727275,53.377840909090935,9215505
-5.365559895833337,53.34895833333331,9215505
-4.654296875,53.328125,9215505
-4.6904296875,53.34635416666669,9215505
-5.064174107142859,53.31696428571429,9215505
-4.674479166666666,53.33333333333333,9215505
-5.231770833333337,53.34635416666669,9215505
-4.82991536458334,53.34375,9215505
-5.245738636363633,53.375,9215505
-5.19891826923077,53.375,9215505
-4.752343750000003,53.346875000000026,9215505
-4.732599431818183,53.34375,9215505
-5.107142857142859,53.32142857142858,9215505
-4.693181818181817,53.372159090909065,9215505
-4.116122159090908,53.57386363636367,9215505
-4.6015625,53.31848404255305,9215505
-4.869673295454541,53.34375,9215505
-4.83203125,53.34375,9215505
-4.61688701923077,53.34375,9215505
-4.68359375,53.34375,9215505
-4.613606770833337,53.34375,9215505
18.5,54.53125,9215505
12.763574218749998,54.82578125000011,9215505
10.859375,53.9375,9215505
21.0,56.53125,9215505
10.859375,53.9375,9215505
21.0,56.53125,9215505
10.859375,53.9375,9215505
21.0,56.53125,9215505
10.859375,53.9375,9215505
21.0,56.53125,9215505
10.859375,53.9375,9215505
21.0,56.53125,9215505
10.859375,53.9375,9215505
21.0,56.53125,9215505
10.859375,53.9375,9215505
21.0,56.53125,9215505
10.859375,53.9375,9215505
21.0,56.53125,9215505
10.859375,53.9375,9215505
21.0,56.53125,9215505
10.859375,53.9375,9215505
21.0,56.53125,9215505
10.859375,53.9375,9215505
21.0,56.53125,9215505
10.859375,53.9375,9215505
21.0,56.53125,9215505
10.859375,53.9375,9215505
21.0,56.53125,9215505
10.859375,53.9375,9215505
21.0,56.53125,9215505
10.859375,53.9375,9215505
21.0,56.53125,9215505
18.5,54.53125,9215505
105.9375,-5.63671875,9170597
-56.03125,-35.0625,9170597
-58.90625,-34.15625,9170597
-60.0,-33.46875,9170597
-60.03125,-33.4375,9170597
-60.71875,-32.65625,9170597
-60.14583333333333,-33.36458333333333,9170597
-57.8125,-34.75,9170597
-46.4375,-24.140625,9170597
-46.375,-23.921875,9170597
-6.0302734375,35.609375,9170597
-5.0234375,36.21875,9170597
-4.7734375,36.28125,9170597
-5.30078125,35.9375,9170597
-5.3203125,35.90625,9170597
8.61328125,38.4921875,9170597
11.78125,42.09375,9170597
13.4609375,40.15625,9170597
26.021484375,39.94921875,9170597
29.6875,40.75,9170597
29.890625,40.71875,9170597
28.859375,40.9375,9170597
29.09375,40.71875,9170597
29.0,40.71875,9170597
28.890625,40.78125,9170597
41.59375,42.1875,9170597
41.625,42.28125,9170597
41.625,42.28125,9170597
29.0,41.28125,9170597
28.859375,40.9375,9170597
-5.34765625,35.90625,9170597
-5.3203125,35.90625,9170597
-79.53125,32.609375,9170597
-79.9375,32.8125,9170597
-90.8125,30.046875,9170597
-91.125,30.1875,9170597
-91.0,30.1875,9170597
3.763671875,51.9375,9170597
4.30859375,51.875,9170597
3.71875,51.9375,9170597
4.45703125,51.90625,9170597
3.373046875,51.84375,9170597
4.2421875,51.28125,9170597
32.28125,31.40625,9170597
49.78125,27.15625,9170597
49.6875,27.078125,9170597
49.6875,27.078125,9170597
103.6875,1.1962890625,9170597
103.4375,3.974609375,9170597
113.875,22.0625,9170597
113.5625,22.953125,9170597
122.625,31.203125,9170597
121.3125,31.578125,9170597
120.0625,31.953125,9170597
120.0,31.984375,9170597
122.5625,31.046875,9170597
122.8125,31.08750000000001,9170597
122.625,31.015625,9170597
121.3125,31.5625,9170597
119.875,32.22916666666667,9170597
119.9375,32.03125,9170597
129.375,35.53125,9170597
129.5,35.25,9170597
129.45833333333331,35.29166666666667,9170597
129.625,35.34375,9170597
129.375,35.4375,9170597
103.6875,1.2001953125,9170597
103.6875,1.265625,9170597
32.59375,29.859375,9170597
32.4375,30.3125,9170597
25.935937499999987,39.89687499999999,9170597
29.53125,40.75,9170597
29.828125,40.75,9170597
28.859375,40.9375,9170597
27.078125,40.59375,9170597
16.965625000000003,41.80000000000001,9170597
12.46875,44.5,9170597
12.280539772727266,44.5,9170597
1.2275390625,41.09375,9170597
4.18359375,51.9375,9170597
0.400390625,53.625,9170597
-0.2470703125,53.71875,9170597
14.59375,53.4375,9170597
4.27734375,51.25,9170597
6.76953125,37.28125,9170597
32.28125,31.390625,9170597
32.34375,30.375,9170597
51.580580357142885,27.435044642857115,9170597
51.0,27.578125,9170597
49.75,27.125,9170597
3.462890625,56.21875,9538529
3.419921875,56.25,9538529
3.421223958333333,56.25,9538529
3.421223958333333,56.25,9538529
3.4375,56.25,9538529
3.421875,56.25,9538529
3.4130859375,56.25,9538529
3.4453125,56.23958333333332,9538529
3.46484375,56.1875,9538529
3.34765625,56.25,9538529
3.46484375,56.1875,9538529
3.4050071022727293,56.28125,9538529
3.39453125,56.28125,9538529
5.59375,58.9375,9538529
3.4255022321428568,56.272321428571416,9538529
3.466796875,56.1875,9538529
3.416015625,56.265625,9538529
3.4169921875,56.25,9538529
3.455078125,56.1875,9538529
3.4204799107142865,56.21875,9538529
3.46484375,56.1875,9538529
3.406494140625,56.28125,9538529
3.466796875,56.1875,9538529
3.4456676136363624,56.247159090909065,9538529
3.466796875,56.1875,9538529
3.4266183035714297,56.25446428571429,9538529
3.34765625,56.25,9538529
3.421875,56.28125,9538529
3.372395833333333,56.30208333333333,9538529
3.4484375000000007,56.23124999999999,9538529
3.439453125,56.21875,9538529
3.466796875,56.1875,9538529
3.3720703125,56.265625,9538529
3.39453125,56.28125,9538529
3.39453125,56.28125,9538529
3.46053538602942,56.219362745098096,9538529
3.478515625,56.1875,9538529
3.389973958333333,56.26041666666667,9538529
3.396484375,56.28125,9538529
5.59765625,58.9375,9538529
3.453776041666667,56.36458333333333,9538529
5.6015625,58.9375,9538529
5.69140625,59.03125,9538529
5.6015625,58.9375,9538529
3.44140625,56.23958333333333,9538529
3.3922526041666683,56.25260416666669,9538529
3.389122596153845,56.31009615384616,9538529
3.4491464120370328,56.25115740740748,9538529
3.46484375,56.1875,9538529
3.4866536458333326,56.4375,9538529
5.59765625,58.9375,9538529
3.3896484375,56.28125,9538529
3.4375,56.21875,9538529
3.400390625,56.28125,9538529
3.3984375,56.28125,9538529
3.46484375,56.1875,9538529
3.3935546875,56.28125,9538529
3.4145063920454537,56.28125,9538529
3.439453125,56.21875,9538529
3.404296875,56.28125,9538529
3.392578125,56.28125,9538529
3.396484375,56.25,9538529
3.3828125,56.28125,9538529
3.38671875,56.28125,9538529
3.458984375,56.1875,9538529
3.392578125,56.28125,9538529
3.38671875,56.28125,9538529
3.44140625,56.21875,9538529
3.41796875,56.28125,9538529
3.404296875,56.28125,9538529
3.40234375,56.28125,9538529
3.40339543269231,56.27644230769232,9538529
3.431640625,56.25,9538529
3.421223958333333,56.25,9538529
3.435546875,56.21875,9538529
3.4104817708333326,56.22916666666668,9538529
3.40771484375,56.234375,9538529
3.466796875,56.1875,9538529
3.361328125,56.28125,9538529
2.953125,56.96875,9538529
3.41015625,56.25,9538529
3.404747596153845,56.25240384615384,9538529
3.46484375,56.1875,9538529
3.349609375,56.25,9538529
3.434151785714288,56.25,9538529
3.409505208333333,56.25,9538529
3.39453125,56.28125,9538529
5.59375,58.9375,9538529
3.41796875,56.22916666666668,9538529
3.45703125,56.1875,9538529
3.373046875,56.28125,9538529
3.420851934523818,56.25074404761891,9538529
3.4296875,56.25,9538529
3.373046875,56.25,9538529
3.37890625,56.28125,9538529
3.380859375,56.28125,9538529
3.4375,56.21875,9538529
3.388671875,56.28125,9538529
3.372395833333333,56.26041666666667,9538529
3.33203125,56.25,9538529
3.396484375,56.25,9538529
3.44140625,56.1875,9538529
3.38671875,56.28125,9538529
3.447265625,56.1875,9538529
3.3828125,56.28125,9538529
3.375,56.28125,9538529
3.34765625,56.25,9538529
3.37890625,56.28125,9538529
3.37109375,56.28125,9538529
3.39453125,56.25,9538529
3.349609375,56.25,9538529
5.59765625,58.9375,9538529
3.41796875,56.25,9538529
3.349609375,56.25,9538529
3.435546875,56.21875,9538529
3.360677083333333,56.25,9538529
3.4015625000000007,56.275000000000006,9538529
3.423828125,56.25,9538529
3.376953125,56.25,9538529
5.59765625,58.9375,9538529
3.4140625,56.28125,9538529
3.4140625,56.28125,9538529
3.345703125,56.25,9538529
3.353515625,56.25,9538529
3.41796875,56.375,9538529
3.3517252604166683,56.25,9538529
3.421875,56.25,9538529
3.4140625,56.296875,9538529
3.4296875,56.25625,9538529
3.3515625,56.25,9538529
3.40625,56.28125,9538529
3.408203125,56.28125,9538529
3.41796875,56.28125,9538529
3.37890625,56.28125,9538529
3.3515625,56.3125,9538529
3.380859375,56.28125,9538529
3.376953125,56.28125,9538529
3.373046875,56.28125,9538529
3.435546875,56.21875,9538529
3.375,56.28125,9538529
3.3779296875,56.28125,9538529
3.435546875,56.21875,9538529
3.40625,56.28125,9538529
3.416015625,56.375,9538529
3.40234375,56.28125,9538529
3.404296875,56.28125,9538529
3.3701171875,56.25,9538529
3.404296875,56.28125,9538529
3.4072265625,56.234375,9538529
3.462890625,56.1875,9538529
3.4140625,56.25,9538529
3.35,56.25,9538529
3.390625,56.28125,9538529
3.3662109375,56.25,9538529
3.412109375,56.28125,9538529
3.352213541666667,56.25,9538529
3.3958333333333326,56.27604166666668,9538529
3.4140625,56.28125,9538529
3.390380859375,56.24609375,9538529
3.396484375,56.28125,9538529
3.390625,56.25,9538529
3.34765625,56.25,9538529
3.35546875,56.28125,9538529
3.462890625,56.1875,9538529
3.39453125,56.28125,9538529
5.59765625,58.9375,9538529
3.396484375,56.28125,9538529
3.4921875,56.1875,9538529
3.4189453125,56.25,9538529
3.390625,56.25,9538529
3.388671875,56.25,9538529
3.400390625,56.25,9538529
3.39453125,56.28125,9538529
3.399088541666667,56.27083333333333,9538529
3.41015625,56.28125,9538529
3.447265625,56.1875,9538529
3.43359375,56.28125,9538529
3.419921875,56.28125,9538529
3.1200284090909083,56.57670454545453,9538529
3.419921875,56.28125,9538529
3.4140625,56.25,9538529
3.4609375,56.1875,9538529
3.380859375,56.25,9538529
3.429036458333333,56.26041666666667,9538529
3.46484375,56.1875,9538529
6.78125,58.09375,9538529
3.362988281250004,56.25156250000003,9538529
3.3972656249999966,56.25156250000003,9538529
3.4206861413043512,56.22146739130427,9538529
3.4928385416666696,56.36904761904759,9538529
5.6015625,58.9375,9538529
5.6953125,59.0,9538529
5.03125,55.53125,9538529
8.453125,55.46875,9538529
5.03125,55.53125,9538529
8.453125,55.46875,9538529
8.453125,55.46875,9538529
8.453125,55.46875,9538529
8.453125,55.46875,9538529
8.453125,55.46875,9538529
8.453125,55.46875,9538529
4.6171875,55.5625,9538529
8.453125,55.46875,9538529
8.453125,55.46875,9538529
8.453125,55.46875,9538529
8.4453125,55.46875,9538529
8.453125,55.46875,9538529
4.6171875,55.5625,9538529
5.00390625,55.53125,9538529
5.109375,55.46875,9538529
4.91015625,55.53125,9538529
5.0234375,55.53125,9538529
8.453125,55.46875,9538529
8.453125,55.46875,9538529
8.453125,55.46875,9538529
5.00390625,55.53125,9538529
4.90625,55.53125,9538529
5.0234375,55.53125,9538529
8.453125,55.46875,9538529
5.03125,55.53125,9538529
4.90625,55.53125,9538529
5.10546875,55.46875,9538529
8.453125,55.46875,9538529
8.453125,55.46875,9538529
5.10546875,55.46875,9538529
5.03125,55.53125,9538529
5.10546875,55.46875,9538529
4.91015625,55.53125,9538529
8.453125,55.46875,9538529
5.03125,55.53125,9538529
4.91015625,55.53125,9538529
5.109375,55.46875,9538529
8.453125,55.46875,9538529
5.10546875,55.46875,9538529
4.91015625,55.53125,9538529
5.03125,55.53125,9538529
5.10546875,55.46875,9538529
5.00390625,55.53125,9538529
5.00390625,55.53125,9538529
5.10546875,55.46875,9538529
4.91015625,55.53125,9538529
8.453125,55.46875,9538529
8.453125,55.46875,9538529
8.453125,55.46875,9538529
8.453125,55.46875,9538529
5.10546875,55.46875,9538529
5.03125,55.53125,9538529
5.109375,55.46875,9538529
8.4453125,55.46875,9538529
8.4453125,55.46875,9538529
8.453125,55.46875,9538529
8.453125,55.46875,9538529
5.69140625,59.0,9538529
5.59765625,58.9375,9538529
3.458984375,56.1875,9538529
3.34765625,56.25,9538529
3.404296875,56.28125,9538529
3.4091796875,56.28125,9538529
3.365234375,56.28125,9538529
3.447265625,56.1875,9538529
3.373046875,56.28125,9538529
3.4375,56.21875,9538529
3.379557291666667,56.30208333333333,9538529
3.353515625,56.3125,9538529
3.400390625,56.28125,9538529
3.4140625,56.28125,9538529
5.59765625,58.9375,9538529
5.69140625,59.0,9538529
2.806640625,60.40625,9538529
8.452282475490119,55.46875,9538529
5.03515625,55.5625,9538529
5.03125,55.53125,9538529
4.76953125,55.59375,9538529
8.453125,55.46875,9538529
8.453125,55.46875,9538529
8.453125,55.46875,9538529
5.10546875,55.46875,9538529
8.453125,55.46875,9538529
5.69921875,59.0,9538529
5.640625,59.03125,9538529
5.6953125,59.0,9538529
-1.784213362068965,57.5,9538529
-1.703125,57.4375,9538529
-1.7821614583333325,57.5,9538529
-1.6748046875,57.4375,9538529
-1.748046875,57.40625,9538529
-1.6572265625,57.4375,9538529
-1.6884765625,57.4375,9538529
-1.7470703125,57.4375,9538529
-2.412109375,49.875,9544932
8.7421875,53.09375,9544932
7.19921875,53.34375,9544932
-4.15234375,50.3125,9544932
-4.125,50.375,9544932
9.1484375,53.90625,9544932
14.609375,55.96875,9544932
10.3046875,54.5625,9544932
9.1796875,53.90625,9544932
9.8984375,53.53125,9544932
1.6943359375,51.90625,9544932
0.544921875,51.40625,9544932
1.0234375,49.4375,9544932
8.4921875,53.34375,9544932
6.7724609375,53.55859375,9544932
7.3671875,53.09375,9544932
8.5,53.34375,9544932
-2.712890625,43.40625,9544932
-3.060546875,43.34375,9544932
8.4453125,55.46875,9544932
5.0859375,60.84375,9544932
6.83984375,60.875,9544932
9.4921875,55.5,9544932
14.5859375,53.4375,9544932
9.1796875,53.90625,9544932
6.8237847222222205,53.44097222222224,9544932
-2.1669921875,47.28125,9544932
-5.98828125,45.4375,9544932
-6.86328125,45.0,9544932
-3.938496492346928,36.56568877551024,9544932
2.9453125,52.0,9544932
9.1015625,53.875,9544932
14.086979166666618,54.18593749999992,9544932
13.18136160714285,54.2790178571429,9544932
14.508568548387116,55.75,9544932
9.3671875,54.15625,9544932
8.75,53.84375,9544932
9.1484375,53.90625,9544932
9.671875,54.28125,9544932
-5.98828125,43.61875000000001,9544932
-6.45703125,36.78125,9544932
-6.0,37.3125,9544932
-5.3203125,35.90625,9544932
16.239346590909093,38.01704545454547,9544932
17.203125,40.46875,9544932
9.125,53.875,9544932
18.515625,54.53125,9544932
18.671875,54.40625,9544932
12.1953125,55.46875,9544932
-3.5732421875,36.68906250000003,9544932
8.75,53.84375,9544932
8.4765625,55.46875,9544932
7.19921875,53.34375,9544932
6.66796875,37.40625,9544932
7.576822916666666,37.48958333333333,9544932
26.9375,38.78125,9544932
24.0625,37.71875,9544932
26.9375,38.78125,9544932
-8.71875,40.65625,9544932
-6.7655468749999965,62.0,9544932
-8.924999999999999,45.06875,9544932
26.27951388888889,40.02777777777777,9544932
29.09375,40.40625,9544932
26.890625,38.8125,9544932
26.9375,38.78125,9544932
-5.30859375,35.90625,9544932
-6.932291666666666,36.15625,9544932
-8.84375,41.6875,9544932
-8.640625,44.50625,9544932
-4.46484375,48.375,9544932
4.57421875,51.6875,9544932
8.7421875,53.09375,9544932
8.4765625,55.46875,9544932
-1.4248046875,50.90625,9544932
1.046875,49.4375,9544932
1.01171875,49.40625,9544932
10.6796875,59.46875,9544932
10.3671875,63.4375,9544932
5.51953125,62.03125,9544932
-8.17213541666667,44.16874999999996,9544932
-8.4765625,43.84375,9544932
-8.5703125,43.84375,9544932
-10.140625,40.82589285714288,9544932
12.58928571428572,38.26339285714288,9544932
13.296875,45.65625,9544932
13.234375,45.78125,9544932
12.506019467213122,44.40778688524571,9544932
23.5625,37.90625,9544932
29.09375,40.40625,9544932
10.234375,38.46875,9544932
9.15625,39.125,9544932
8.75,53.84375,9544932
7.19921875,53.34375,9544932
6.7578125,54.75,9544932
10.640625,57.6875,9544932
10.9296875,56.40625,9544932
12.6328125,55.6875,9544932
14.6953125,55.09375,9544932
11.125,54.84375,9544932
10.546875,55.46875,9544932
24.796875,59.59375,9544932
24.953125,59.5,9544932
14.3828125,45.3125,9147681
14.40625,45.3125,9147681
14.40625,45.3125,9147681
14.421875,45.34375,9147681
17.421875,43.03125,9147681
14.4375,45.3125,9147681
1.2431640625,41.09375,9147681
-8.828125,41.6875,9147681
-8.8828125,41.65625,9147681
-8.828125,41.6875,9147681
-93.1875,18.56770833333334,9147681
-93.1875,18.48958333333334,9147681
-80.125,26.09375,9147681
-80.625,32.0,9147681
-81.125,32.09375,9147681
-80.6875,32.0,9147681
-61.625,10.6796875,9147681
-52.28125,4.85546875,9147681
-6.64453125,36.59375,9147681
-5.992968749999999,37.34375,9147681
4.00390625,51.96875,9147681
5.1640625,60.4375,9147681
3.369140625,51.8125,9147681
3.837890625,51.25,9147681
-3.431640625,56.03125,9147681
-3.0625,56.125,9147681
-1.3681640625,54.90625,9147681
8.203125,37.3125,9147681
14.7578125,35.875,9147681
32.34375,31.375,9147681
32.34375,30.359375,9147681
32.5625,30.171875,9147681
39.46875,15.609375,9147681
43.125,11.671875,9147681
45.6875,2.009765625,9147681
116.75,-20.609375,9147681
130.75,-12.2734375,9147681
130.875,-12.4921875,9147681
136.625,-12.197916666666668,9147681
142.0,-10.53125,9147681
153.25,-26.6875,9147681
153.125,-27.453125,9147681
-149.625,-17.53125,9147681
-79.5,8.8671875,9147681
-79.5625,9.0,9147681
-79.9375,9.2734375,9147681
-84.9375,20.8046875,9147681
-80.00390625,26.7802734375,9147681
-80.4375,31.90625,9147681
-81.125,32.09375,9147681
-76.3125,36.90625,9147681
-5.37109375,36.15625,9147681
10.046875,44.03125,9147681
10.265625,42.125,9147681
10.265625,42.125,9147681
12.947916666666668,40.27083333333333,9147681
16.859375,41.125,9147681
32.34375,31.359375,9147681
55.28125,25.265625,9147681
54.84375,25.21875,9147681
55.0625,24.984375,9147681
51.59375,25.015625,9147681
4.83984375,52.40625,9401556
-3.111328125,56.09375,9401556
-3.3125,56.03125,9401556
4.75,52.40625,9401556
3.7109375,51.9375,9401556
4.03515625,51.96875,9401556
11.890625,57.6875,9401556
17.234375,60.6875,9401556
29.375,60.0,9401556
30.1875,59.875,9401556
10.140625,54.375,9401556
-6.07421875,53.3125,9401556
-6.20703125,53.34375,9401556
-4.12890625,53.40625,9401556
-2.931640625,53.3125,9401556
2.53515625,51.34375,9401556
4.33203125,51.28125,9401556
4.97265625,60.8125,9401556
5.04296875,60.8125,9401556
10.7578125,59.875,9401556
10.640625,57.6875,9401556
12.0,54.21875,9401556
12.1328125,54.15625,9401556
4.7734375,52.40625,9401556
5.04296875,60.8125,9401556
3.244140625,51.84375,9401556
4.31640625,51.3125,9401556
2.421875,52.5,9401556
0.397216796875,53.625,9401556
0.39697265625,53.625,9401556
-0.2054443359375,53.65625,9401556
0.306396484375,51.46875,9401556
2.5703125,51.34375,9401556
4.28515625,51.34375,9401556
2.673828125,52.0625,9401556
3.671875,52.125,9401556
4.20703125,51.90625,9401556
1.6923828125,51.90625,9401556
0.87890625,51.5,9401556
0.302490234375,51.46875,9401556
4.2109375,51.90625,9401556
-2.705078125,51.5,9401556
-6.07421875,53.3125,9401556
-6.19921875,53.34375,9401556
4.20703125,51.90625,9401556
4.4453125,51.90625,9401556
4.09375,51.9375,9401556
10.7578125,59.875,9401556
11.671875,57.5625,9401556
11.8671875,57.6875,9401556
4.30859375,52.53125,9401556
4.74609375,52.40625,9401556
3.6171875,52.15625,9401556
4.09375,51.9375,9401556
10.7578125,59.875,9401556
-3.087890625,56.09375,9401556
-3.3125,56.03125,9401556
4.31640625,52.53125,9401556
4.7734375,52.40625,9401556
3.748046875,51.9375,9401556
4.20703125,51.90625,9401556
1.521484375,51.53125,9401556
0.1416015625,51.5,9401556
1.455078125,51.4375,9401556
-2.427734375,47.125,9401556
-2.0703125,47.3125,9401556
2.693359375,51.4375,9401556
4.3515625,51.28125,9401556
-0.06671142578125,49.5,9401556
0.1175537109375,49.46875,9401556
4.27734375,52.53125,9401556
4.77734375,52.40625,9401556
4.3046875,52.53125,9401556
4.78125,52.40625,9401556
-3.09765625,56.09375,9401556
-3.683984375,56.03125,9401556
3.712890625,51.9375,9401556
4.09375,51.9375,9401556
10.7578125,59.875,9401556
9.1484375,53.90625,9401556
2.263671875,51.03125,9401556
3.3515625,51.8125,9401556
4.30859375,52.53125,9401556
4.77734375,52.40625,9401556
-3.119140625,56.09375,9401556
-3.6357421875,56.03125,9401556
3.3515625,51.78125,9401556
4.36328125,51.25,9401556
4.21484375,51.90625,9401556
4.2890625,51.875,9401556
4.09375,51.9375,9401556
-3.1171875,56.0625,9401556
-3.66357421875,56.03125,9401556
4.15234375,52.46875,9401556
4.7734375,52.40625,9401556
0.381103515625,53.59375,9401556
-0.18115234375,53.625,9401556
4.265625,52.53125,9401556
4.84765625,52.40625,9401556
4.2421875,52.53125,9401556
-3.03515625,56.125,9401556
-3.3125,56.03125,9401556
4.26953125,52.53125,9401556
4.74609375,52.40625,9401556
3.69140625,52.15625,9401556
4.26953125,51.875,9401556
-3.08203125,56.125,9401556
-3.689453125,56.03125,9401556
-3.05859375,56.125,9401556
-3.3125,56.03125,9401556
3.3515625,51.8125,9401556
4.3359375,51.28125,9401556
4.28515625,51.34375,9401556
4.234375,60.625,9401556
5.04296875,60.8125,9401556
4.1953125,60.46875,9401556
4.015625,60.34375,9401556
11.6484375,57.53125,9401556
11.875,57.6875,9401556
5.49609375,59.28125,9401556
3.345703125,51.8125,9401556
4.37109375,51.25,9401556
3.380859375,51.78125,9401556
4.3203125,52.53125,9401556
4.8359375,52.40625,9401556
-5.03515625,51.6875,9401556
-2.431640625,47.125,9401556
-2.087890625,47.3125,9401556
0.1175537109375,49.46875,9401556
2.623046875,51.40625,9401556
4.296875,51.34375,9401556
3.33984375,51.78125,9401556
3.783203125,51.9375,9401556
4.1640625,51.9375,9401556
9.140625,53.90625,9401556
14.5859375,53.4375,9401556
18.71875,54.40625,9401556
25.546875,60.3125,9401556
3.80078125,51.96875,9401556
4.36328125,51.90625,9401556
11.6328125,57.5625,9401556
11.875,57.6875,9401556
11.09375,55.65625,9401556
4.33203125,52.53125,9401556
4.7734375,52.40625,9401556
3.728515625,52.15625,9401556
4.19140625,51.9375,9401556
9.140625,53.90625,9401556
17.234375,60.6875,9401556
25.484375,60.0,9401556
25.547067901234698,60.3125,9401556
23.9375,59.375,9401556
24.078125,59.34375,9401556
11.09375,55.65625,9401556
-1.2578125,46.09375,9196163
-1.23046875,46.15625,9196163
-1.26953125,46.0625,9196163
-1.2294921875,46.15625,9196163
-8.7734375,42.59375,9196163
-7.86328125,43.75,9196163
1.83984375,51.0625,9196163
2.32421875,51.0625,9196163
-0.197509765625,49.34375,9196163
-0.25390625,49.25,9196163
-8.8203125,40.6875,9196163
-8.7265625,40.65625,9196163
-9.25,32.3125,9196163
4.16015625,52.46875,9196163
4.578125,52.46875,9196163
9.984375,53.5,9196163
-6.46484375,36.78125,9196163
-6.00390625,37.3125,9196163
-9.25,32.3125,9196163
-25.65625,37.75,9196163
-8.8515625,38.5,9196163
-5.92578125,43.59375,9196163
-3.1171875,43.375,9196163
-3.060546875,43.34375,9196163
-4.3515625,55.875,9196163
-1.49609375,43.53125,9196163
4.8125,52.4375,9196163
-5.8515625,47.125,9196163
-5.705078125,43.625,9196163
-5.6875,43.59375,9196163
-1.2333984375,46.09375,9196163
-1.2333984375,46.15625,9196163
-1.9345703125,45.96875,9196163
-5.69140625,43.59375,9196163
-8.84375,40.15625,9196163
-8.8515625,38.5,9196163
-5.96183894230769,43.59375,9196163
4.62890625,52.46875,9196163
-4.5048828125,45.3359375,9196163
-3.826171875,43.4375,9196163
-5.69921875,43.5625,9196163
-5.41796875,36.125,9196163
16.4375,43.46875,9196163
16.46875,43.53125,9196163
25.9609375,39.78125,9196163
28.78125,40.96875,9196163
27.953125,43.15625,9196163
27.890625,43.1875,9196163
29.875,40.71875,9196163
24.0625,37.71875,9196163
-8.892857142857146,54.517857142857125,9196163
1.572265625,50.71875,9196163
-7.61328125,33.59375,9196163
-9.25,32.3125,9196163
-9.3515625,32.375,9196163
-8.9453125,40.15625,9196163
-8.84375,40.15625,9196163
-8.7265625,40.65625,9196163
0.6171875,53.53125,9196163
-0.260009765625,53.75,9196163
9.6171875,59.125,9196163
-5.36328125,36.15625,9196163
24.390625,37.84375,9196163
24.078125,37.71875,9196163
24.078125,37.71875,9196163
28.65625,44.15625,9196163
37.09270833333328,41.37552083333336,9196163
29.203125,41.4375,9196163
-3.18505859375,36.3125,9196163
-5.1875,36.125,9196163
-5.37109375,36.15625,9196163
4.609375,51.6875,9196163
1.84765625,52.5625,9196163
1.9228515625,52.5625,9196163
1.7392578125,52.59375,9196163
4.87109375,52.40625,9196163
1.955078125,52.5625,9196163
1.740234375,52.59375,9196163
4.875,52.40625,9196163
5.42578125,53.1875,9196163
1.287109375,41.09375,9196163
1.236328125,41.09375,9196163
2.154296875,41.34375,9196163
-5.3203125,35.90625,9196163
72.5625,20.984375,9527271
72.6875,21.09375,9527271
69.1875,21.484375,9527271
69.6875,22.734375,9527271
104.0,1.291015625,9527271
106.9375,-5.984375,9527271
106.9375,-6.09765625,9527271
112.75,-7.203125,9527271
151.5,-23.84375,9527271
151.25,-23.828125,9527271
153.25,-26.71875,9527271
153.375,-26.75,9527271
153.25,-26.53125,9527271
153.5,-26.65625,9527271
153.375,-26.546875,9527271
153.375,-26.609375,9527271
153.5,-26.625,9527271
153.5,-26.46875,9527271
153.25,-26.5,9527271
153.375,-26.65625,9527271
153.125,-27.375,9527271
153.375,-27.25,9527271
100.76388888888891,12.941840277777771,9527271
107.0625,20.967601102941103,9527271
120.3125,22.5625,9527271
153.25,-26.78125,9527271
153.25,-26.796875,9527271
153.25,-26.796875,9527271
153.25,-26.84375,9527271
153.25,-26.71875,9527271
153.25,-26.859375,9527271
153.25,-26.875,9527271
153.375,-26.625,9527271
153.375,-26.640625,9527271
153.25,-26.796875,9527271
153.25,-26.71875,9527271
153.25,-26.828125,9527271
153.25,-26.828125,9527271
153.25,-26.765625,9527271
153.25,-26.703125,9527271
153.375,-26.71875,9527271
153.375,-26.40625,9527271
153.375,-26.390625,9527271
153.375,-26.640625,9527271
153.125,-27.375,9527271
43.125,11.671875,9527271
32.5625,29.859375,9527271
29.75,31.1875,9527271
29.796875,31.140625,9527271
25.96875,39.625,9527271
28.9375,40.96875,9527271
28.765625,40.9375,9527271
36.65625,45.0625,9527271
36.65625,45.0625,9527271
29.125,41.40625,9527271
28.953125,40.96875,9527271
26.15625,38.375,9527271
32.3125,31.453125,9527271
69.9375,22.734375,9527271
70.25,22.984375,9527271
32.5,29.90625,9527271
32.4375,30.328125,9527271
-5.37890625,36.15625,9527271
28.421875,59.6875,9527271
35.875,36.8125,9527271
14.5859375,35.8125,9527271
-5.05859375,50.09375,9527271
25.703125,59.84375,9527271
25.09375,59.78125,9527271
25.71875,59.84375,9527271
28.421875,59.6875,9527271
18.421875,-33.90625,9393541
34.5625,-30.96875,9393541
103.75,1.3046875,9393541
103.8125,1.23828125,9393541
108.5625,21.71875,9393541
107.0,10.203125,9393541
107.0625,10.265625,9393541
107.0,10.59375,9393541
106.625,6.933238636363633,9393541
103.875,1.2646484375,9393541
99.4375,4.48828125,9393541
80.140625,5.8271484375,9393541
73.375,8.5625,9393541
65.0,11.706249999999994,9393541
57.10416666666668,13.90104166666667,9393541
32.5625,29.86875000000001,9393541
21.21484375,34.7109375,9393541
-2.23828125,49.90625,9393541
-1.0224609375,49.875,9393541
8.75,53.84375,9393541
4.37890625,51.90625,9393541
3.4140625,51.84375,9393541
4.3828125,51.28125,9393541
4.28515625,51.34375,9393541
-5.41796875,36.15625,9393541
14.1875,36.59375,9393541
12.421875,45.375,9393541
12.25,45.46875,9393541
32.34375,31.359375,9393541
32.403124999999974,30.315624999999997,9393541
50.625,13.59375,9393541
40.50694444444446,20.6875,9393541
57.14508928571431,24.62723214285716,9393541
50.71875,26.1875,9393541
54.375,24.515625,9393541
55.04166666666667,25.015625,9393541
51.62053571428571,25.921875,9393541
54.95833333333332,25.1796875,9393541
93.36458333333336,6.154947916666665,9393541
103.75,1.2998046875,9393541
100.875,12.5546875,9393541
100.9375,12.625,9393541
100.875,13.0546875,9393541
100.875,13.0546875,9393541
127.16666666666666,32.4375,9393541
128.625,35.1306818181818,9393541
122.625,31.0625,9393541
121.25,31.640625,9393541
121.75,39.0,9393541
103.875,1.267578125,9393541
57.71875,19.671875,9393541
32.5625,29.859375,9393541
32.40625,30.328125,9393541
34.65625,31.84375,9393541
33.0625,34.6875,9393541
1.2294921875,41.09375,9393541
-6.55859375,50.625,9393541
-6.21875,53.34375,9393541
-2.921875,56.0625,9393541
-3.447265625,56.03125,9393541
4.453125,51.90625,9393541
8.1640625,54.03125,9393541
9.984375,53.5,9393541
4.37890625,51.28125,9393541
-74.25,21.859375,9766578
-95.3125,28.9375,9766578
-94.75,28.6875,9766578
-76.375,21.546875,9766578
26.25,38.8125,9766578
26.171875,38.8125,9766578
26.90625,38.8125,9766578
23.546875,37.875,9766578
32.28125,31.40625,9766578
59.40625,22.671875,9766578
104.79861111111109,1.8429904513888893,9766578
102.4375,1.973388671875,9766578
133.25,23.234375,9766578
133.0,23.265625,9766578
131.75,33.28125,9766578
136.0,18.375,9766578
147.0,-9.34375,9766578
146.875,-9.2890625,9766578
143.375,-0.63037109375,9766578
117.925347222222,21.01171875,9766578
114.4375,22.578125,9766578
103.6875,1.16796875,9766578
32.57291666666667,29.833333333333336,9766578
31.75,31.46875,9766578
31.75,31.46875,9766578
-5.40625,36.1875,9766578
21.140625,55.65625,9766578
31.6875,31.6875,9766578
31.75,31.46875,9766578
16.203125,35.34375,9766578
16.078125,35.44791666666667,9766578
17.125,34.015625,9766578
17.21875,34.875,9766578
10.296875,43.46875,9766578
9.9921875,43.65625,9766578
10.296875,43.4375,9766578
-5.06640625,36.15625,9766578
-5.36328125,36.09375,9766578
-61.6875,10.1953125,9766578
-61.71875,10.3046875,9766578
-46.125,5.79296875,9766578
-50.5,-34.84375,9766578
-58.75,-34.25,9766578
42.84375,-12.9453125,9766578
44.0625,-15.0,9766578
63.65625,15.53125,9766578
39.58984375,28.6015625,9766578
57.83537946428569,23.21986607142855,9766578
32.59375,29.765625,9766578
32.59375,29.765625,9766578
10.2734375,43.46875,9766578
9.984375,43.65625,9766578
10.2734375,43.46875,9766578
14.40625,36.03125,9766578
14.8515625,35.96875,9766578
14.796875,35.90625,9766578
31.640625,31.703125,9766578
31.8125,31.609375,9766578
31.75,31.46875,9766578
19.505208333333336,34.8125,9766578
18.119791666666664,35.71875,9766578
14.8515625,35.90625,9766578
14.921875,35.84375,9766578
14.6171875,35.96875,9766578
14.875,35.90625,9766578
14.8515625,35.875,9766578
14.53125,45.1875,9766578
23.546875,37.875,9766578
32.28125,31.390625,9766578
14.921875,35.8125,9766578
14.8046875,35.875,9766578
33.09375,34.65625,9766578
32.28125,31.40625,9766578
9.078125,43.40625,9766578
41.46875,-11.640625,9766578
42.8125,-9.9453125,9766578
42.5,-10.1484375,9766578
42.1875,-10.078125,9766578
41.09375,-11.28125,9766578
41.46875,-10.7109375,9766578
41.140625,-11.21875,9766578
41.1875,-11.2421875,9766578
22.046875,60.3125,9837456
21.25,59.375,9837456
21.390625,59.09375,9837456
21.296875,59.625,9837456
21.390625,59.59375,9837456
21.25,59.53125,9837456
20.682291666666664,58.65625,9837456
20.71875,59.28125,9837456
20.411458333333336,58.98958333333333,9837456
20.71875,59.28125,9837456
-1.3994140625,50.90625,9837456
-8.3984375,43.375,9837456
-8.7265625,42.25,9837456
-16.90625,32.65625,9837456
-16.234375,28.46875,9837456
-78.84375,26.0859375,9837456
-80.1875,25.78125,9837456
-71.125,21.421875,9837456
-70.75,19.828125,9837456
-77.3125,25.078125,9837456
-80.1875,25.78125,9837456
-87.0,20.484375,9837456
-87.6875,18.734375,9837456
-86.5,16.328125,9837456
-80.1875,25.78125,9837456
-70.75,19.828125,9837456
-66.125,18.458333333333336,9837456
-63.0625,18.015625,9837456
-76.60416666666666,21.78125,9837456
-80.1875,25.78125,9837456
-71.20833333333334,21.411458333333336,9837456
-70.75,19.828125,9837456
-66.125,18.46875,9837456
-64.9375,18.328125,9837456
-68.70833333333334,20.78125,9837456
-80.1875,25.78125,9837456
-71.125,21.421875,9837456
-70.75,19.828125,9837456
-66.125,18.46875,9837456
-64.9375,18.328125,9837456
-80.1875,25.78125,9837456
-87.0,20.484375,9837456
-87.6875,18.734375,9837456
-86.5,16.328125,9837456
24.40625,37.53125,9535606
28.96875,40.84375,9535606
32.0625,41.59375,9535606
29.046875,41.28125,9535606
28.671875,40.96875,9535606
29.015625,41.0,9535606
27.453125,42.5,9535606
29.03125,41.3125,9535606
29.15000000000001,41.3125,9535606
39.09375,21.40625,9535606
47.93865740740748,30.045717592592617,9535606
32.56547949002339,29.90649251662981,9535606
34.625,36.6875,9535606
34.625,36.78125,9535606
29.515625,40.75,9535606
29.875,40.71875,9535606
19.046875,42.09375,9535606
19.046875,42.09375,9535606
29.875,31.1875,9535606
32.36458333333332,31.34635416666666,9535606
43.125,11.6015625,9535606
54.8125,25.125,9535606
55.03194444444458,25.01493055555558,9535606
48.47215346534631,28.933013613861263,9535606
48.15625,29.046875,9535606
55.40625,25.546875,9535606
55.46875,25.46875,9535606
32.53125,29.921875,9535606
36.1875,36.59375,9535606
29.015625,41.0,9535606
28.921875,40.96875,9535606
29.515625,40.75,9535606
28.0,40.375,9535606
27.953125,40.34375,9535606
-9.84375,39.03125,9535606
-9.84375,39.03125,9535606
-9.796875,42.486607142857125,9535606
2.583984375,51.34375,9535606
3.837890625,51.3125,9535606
-3.064453125,43.359375,9535606
-94.86688311688316,29.47909902597401,9535606
-95.1875,29.75,9535606
-93.25,30.21875,9535606
-93.3125,30.1875,9535606
-8.5,43.34375,9535606
4.6015625,51.6875,9535606
4.63671875,51.78125,9535606
21.15625,55.65625,9535606
-53.38541666666667,41.9375,9535606
-90.0,29.9375,9535606
-93.25,29.625,9535606
-93.3125,30.1875,9535606
-95.1875,29.75,9535606
-8.5,43.34375,9535606
4.6015625,51.6875,9535606
9.1875,53.90625,9535606
17.53125,58.59375,9535606
17.140625,58.6875,9535606
21.421875,61.125,9535606
-6.1015625,48.875,9535606
-75.125,39.90625,9535606
-76.5625,39.25,9535606
-76.375,38.96875,9535606
-76.5625,39.25,9535606
-76.375,36.96875,9535606
-77.25,37.3125,9535606
-123.8125,46.21875,9738026
-122.8125,45.96875,9738026
-122.875,46.03125,9738026
122.8125,29.796875,9738026
122.046875,29.953125,9738026
122.54166666666664,31.140625,9738026
119.5625,32.1875,9738026
119.9375,32.125,9738026
133.125,16.65625,9738026
137.0,11.734375,9738026
149.375,-21.28125,9738026
149.375,-21.265625,9738026
103.9375,1.2890625,9738026
83.25,17.625,9738026
38.21875,-29.78125,9738026
-18.203125,-29.8125,9738026
-46.25,-24.171875,9738026
-46.28125,-24.09375,9738026
-46.03125,-24.140625,9738026
-46.34375,-24.078125,9738026
-46.3125,-24.078125,9738026
-46.25,-24.109375,9738026
-46.28125,-23.96875,9738026
104.0,1.287109375,9738026
118.0625,38.86458333333333,9738026
118.0,38.875,9738026
117.8125,38.9375,9738026
125.0,33.8125,9738026
102.70049504950478,-6.028465346534715,9738026
32.5,29.890625,9738026
32.40625,30.328125,9738026
0.16064453125,36.80208333333333,9738026
-8.296875,45.44791666666667,9738026
4.8671875,52.40625,9738026
-2.4296875,50.5625,9738026
-1.15234375,54.59375,9738026
-0.8984375,54.75,9738026
-48.78125,-1.55859375,9738026
-48.53125,-1.15234375,9738026
-48.375,-0.648193359375,9738026
-15.3984375,28.09375,9738026
1.2880859375,41.0625,9738026
-8.1875,-70.5,9618135
-6.1796875,-70.125,9618135
-6.9765625,-70.125,9618135
18.4375,-33.90625,9618135
18.453125,-33.90625,9618135
14.4609375,-22.890625,9618135
14.5,-22.953125,9618135
-15.3984375,28.15625,9618135
4.4140625,51.875,9618135
7.82421875,53.90625,9618135
8.5546875,53.5625,9618135
5.87109375,53.75,9618135
3.736328125,51.9375,9618135
4.0703125,51.9375,9618135
3.9921875,51.9375,9618135
-2.978515625,56.03125,9618135
-3.69921875,56.03125,9618135
3.611328125,52.125,9618135
3.99609375,51.96875,9618135
4.15234375,51.96875,9618135
4.0703125,51.9375,9618135
4.15234375,51.96875,9618135
4.03125,51.96875,9618135
10.75,59.875,9618135
9.90625,53.53125,9618135
1.2939453125,51.96875,9618135
-3.6953125,56.03125,9618135
3.689453125,52.15625,9618135
4.40625,51.875,9618135
4.0703125,51.9375,9618135
3.990234375,51.9375,9618135
4.0703125,51.9375,9618135
12.6953125,56.03125,9618135
9.1484375,53.90625,9618135
8.5078125,53.59375,9618135
3.732421875,52.15625,9618135
4.0703125,51.9375,9618135
4.02734375,51.96875,9618135
4.15234375,51.96875,9618135
3.99609375,51.96875,9618135
4.41796875,51.875,9618135
-3.123046875,56.0625,9618135
-3.697265625,56.03125,9618135
3.609375,52.125,9618135
4.04296875,51.9375,9618135
-3.697265625,56.03125,9618135
3.77734375,51.9375,9618135
4.02734375,51.96875,9618135
4.06640625,51.9375,9618135
10.7578125,59.875,9618135
10.609375,57.6875,9618135
10.0546875,57.0625,9618135
-51.71875,64.1875,9618135
-53.6875,66.9375,9618135
-52.875,68.6875,9618135
-51.09375,69.25,9618135
-51.1875,68.8125,9618135
-53.6875,66.9375,9618135
-51.71875,64.1875,9618135
-53.6875,66.9375,9618135
-52.875,68.6875,9618135
-51.09375,69.25,9618135
-51.1875,68.8125,9618135
-53.6875,66.9375,9618135
-51.71875,64.1875,9618135
-52.09375,68.8125,9618135
-51.1875,68.8125,9618135
-51.09375,69.25,9618135
-52.03125,71.0625,9618135
-51.96875,71.0625,9618135
-51.71875,64.1875,9618135
-53.6875,66.9375,9618135
-52.875,68.6875,9618135
-51.09375,69.25,9618135
-51.1875,68.8125,9618135
-53.6875,66.9375,9618135
-51.71875,64.1875,9618135
-51.71875,64.1875,9618135
-46.0625,60.90625,9618135
10.0546875,57.0625,9618135
10.546875,57.4375,9618135
10.0546875,57.0625,9618135
-51.71875,64.1875,9618135
-69.875,76.75,9618135
-70.625,77.8125,9618135
-69.8125,76.75,9618135
-65.125,76.0,9618135
-69.3125,77.4375,9618135
-70.5625,76.8125,9618135
-69.25,77.4375,9618135
-65.5,75.9375,9618135
-67.6875,77.4375,9618135
-66.6875,77.5,9618135
-69.25,77.4375,9618135
-51.71875,64.1875,9618135
-34.8125,59.9375,9618135
10.234375,56.15625,9618135
-21.96875,70.5,9618135
-22.640625,70.75,9618135
-23.90625,72.25,9618135
-25.109375,72.875,9618135
-20.25,74.3125,9618135
10.2421875,56.15625,9618135
-51.71875,64.1875,9618135
-53.0,70.125,9618135
-70.625,77.8125,9618135
-69.25,77.4375,9618135
-66.75,77.5,9618135
-69.25,77.4375,9618135
-69.875,76.75,9618135
-68.875,76.5625,9618135
-65.125,76.0,9618135
-56.15625,72.8125,9618135
-51.71875,64.1875,9618135
10.234375,56.15625,9618135
-37.625,65.625,9618135
-37.15625,65.5625,9618135
-22.640625,70.75,9618135
-21.96875,70.5,9618135
10.2421875,56.15625,9618135
10.5390625,57.4375,9618135
9.9375,53.5,9618135
9.9140625,53.53125,9618135
8.5390625,53.5625,9618135
7.8359375,53.90625,9618135
24.15625,65.75,9618135
25.421875,65.0,9618135
10.140625,54.375,9618135
9.9375,53.5,9618135
9.90625,53.53125,9618135
8.5390625,53.5625,9618135
10.140625,54.375,9618135
24.15625,65.75,9618135
25.40625,65.0,9618135
9.9375,53.5,9618135
9.9609375,53.53125,9618135
6.19140625,62.46875,9618135
5.140625,61.9375,9618135
8.515625,53.59375,9618135
5.5859375,58.90625,9618135
5.3125,59.34375,9618135
6.19140625,62.46875,9618135
11.203125,55.125,9196175
11.625,55.15625,9196175
11.7578125,55.21875,9196175
9.859375,55.84375,9196175
13.5859375,66.25,9196175
14.109375,66.3125,9196175
13.5859375,66.3125,9196175
12.1953125,55.46875,9196175
23.546875,60.09375,9196175
29.453125,60.03125,9196175
29.71875,60.0,9196175
19.578125,58.26041666666667,9196175
11.6015625,55.15625,9196175
11.7578125,55.21875,9196175
21.390625,61.625,9196175
14.1171875,66.3125,9196175
10.0546875,56.46875,9196175
23.546875,60.09375,9196175
29.192708333333336,60.03125,9196175
29.71875,60.0,9196175
9.859375,55.84375,9196175
11.7578125,55.21875,9196175
24.484375,58.375,9196175
10.140625,54.375,9196175
9.1484375,53.90625,9196175
4.390625,51.90625,9196175
6.2578125,58.34375,9196175
8.7265625,53.84375,9196175
8.203125,54.03125,9196175
9.0390625,54.46875,9196175
14.578125,56.03125,9196175
13.59375,66.3125,9196175
14.109375,66.3125,9196175
4.4453125,61.5,9196175
10.0546875,56.46875,9196175
23.546875,60.09375,9196175
24.078125,59.34375,9196175
21.5,61.59375,9196175
14.109375,66.3125,9196175
17.8125,58.625,9196175
16.53125,59.59375,9196175
23.546875,60.09375,9196175
22.65234375,63.71875,9196175
10.125,54.375,9196175
-1.2275390625,46.15625,9196175
3.923828125,52.63541666666667,9196175
18.671875,54.46875,9196175
18.671875,54.375,9196175
17.109375,58.65625,9196175
10.6015625,57.6875,9196175
14.1171875,66.3125,9196175
23.546875,60.09375,9196175
21.40625,61.625,9196175
11.6796875,57.59375,9196175
13.5859375,66.3125,9196175
13.9140625,66.25,9196175
14.1171875,66.3125,9196175
17.348958333333336,59.4375,9196175
16.515625,59.59375,9196175
23.546875,60.09375,9196175
24.9375,59.5,9196175
10.125,54.375,9196175
5.421875,53.1875,9196175
1.404296875,51.40625,9196175
0.75927734375,51.375,9196175
16.515625,59.59375,9196175
18.671875,54.40625,9196175
26.953125,60.46875,9196175
21.25,64.6875,9196175
11.796875,57.65625,9196175
6.65234375,58.28125,9196175
14.109375,66.3125,9196175
12.859375,56.65625,9196175
23.546875,60.09375,9196175
27.734375,59.40625,9196175
9.859375,55.84375,9196175
11.140625,55.34375,9196175
24.09375,56.96875,9196175
26.9765625,60.46875,9196175
24.40625,57.3125,9196175
26.96875,60.46875,9196175
16.515625,59.59375,9196175
11.796875,57.65625,9196175
14.1171875,66.3125,9196175
12.859375,56.65625,9196175
22.984375,59.6875,9196175
23.40625,59.9765625,9196175
24.484375,58.375,9196175
24.28125,58.09375,9196175
18.421875,57.03125,9196175
10.4296875,56.625,9196175
10.046875,56.46875,9196175
10.8046875,53.90625,9196175
20.84375,56.53125,9196175
20.984375,56.53125,9196175
24.484375,58.375,9196175
12.1953125,55.46875,9196175
21.015625,56.53125,9196175
11.7890625,57.6875,9137193
0.96484375,51.5,9137193
0.1741943359375,51.5,9137193
1.0205078125,51.53125,9137193
8.7421875,53.09375,9137193
0.39208984375,53.59375,9137193
-0.6861025053879306,53.68534482758622,9137193
0.353759765625,52.96875,9137193
8.7421875,53.09375,9137193
1.29296875,51.71875,9137193
0.7919921875,51.625,9137193
1.2841796875,51.6875,9137193
9.984375,53.53125,9137193
8.984375,53.84375,9137193
0.407958984375,53.59375,9137193
-0.7276493195564513,53.59375,9137193
-1.1572265625,54.59375,9137193
-0.135009765625,54.0,9137193
0.377197265625,53.765625,9137193
0.350830078125,52.96875,9137193
0.29248046875,52.96875,9137193
8.9765625,53.84375,9137193
10.140625,54.375,9137193
12.0859375,54.125,9137193
24.078125,57.03125,9137193
10.34375,54.53125,9137193
-3.3818359375,51.21875,9137193
-8.328125,51.875,9137193
-5.0625,50.0625,9137193
-0.2418212890625,50.84375,9137193
3.771484375,51.9375,9137193
4.4140625,51.90625,9137193
-3.345703125,53.46875,9137193
-3.001953125,53.4375,9137193
-5.0390625,50.09375,9137193
-5.0625,50.0625,9137193
-5.0546875,50.15625,9137193
-0.24169921875,50.84375,9137193
4.45703125,51.90625,9137193
-3.400390625,53.46875,9137193
-3.013671875,53.4375,9137193
-5.04296875,50.09375,9137193
-5.0625,50.0625,9137193
-0.24169921875,50.84375,9137193
-2.6839021381578965,48.65378289473683,9137193
-0.6901269531249974,53.68812500000003,9137193
0.9765625,51.5,9137193
0.3310546875,51.46875,9137193
4.35546875,51.90625,9137193
6.5546875,60.125,9137193
27.71875,59.5,9137193
26.5,60.09375,9137193
28.578125,60.0,9137193
28.40625,59.8125,9137193
28.296875,59.65625,9137193
24.609375,59.5,9137193
-6.19140625,53.75,9137193
-6.269870923913034,53.720108695652215,9137193
-5.0390625,50.09375,9137193
-5.0625,50.0625,9137193
-0.2418212890625,50.84375,9137193
4.4375,51.875,9137193
0.433349609375,53.59375,9137193
0.07696533203125,53.59375,9137193
0.409912109375,53.59375,9137193
-0.7132768110795474,53.625,9137193
0.9736328125,51.5,9137193
0.1729736328125,51.5,9137193
8.5625,53.53125,9137193
8.7578125,53.09375,9137193
28.40625,59.8125,9137193
28.296875,59.65625,9137193
-6.261393229166656,53.71875,9137193
-5.796875,54.84375,9137193
-3.42578125,53.46875,9137193
-2.912109375,53.34375,9137193
-5.0625,50.0625,9137193
-0.24169921875,50.84375,9137193
4.33203125,51.3125,9137193
4.33984375,51.28125,9137193
9.1015625,53.875,9137193
19.542798913043512,54.69157608695649,9137193
18.65625,54.4375,9137193
4.39453125,51.90625,9137193
-6.278645833333335,53.96354166666668,9137193
-6.198929398148154,53.93865740740748,9137193
-5.7421875,54.71875,9137193
-4.72265625,55.46875,9137193
-4.640625,55.46875,9137193
-4.96875,55.6875,9137193
-4.9453125,55.96875,9137193
-4.68359375,55.5625,9137193
-4.96484375,55.6875,9137193
-4.9453125,55.96875,9137193
-2.986328125,51.5625,9137193
-5.45703125,55.40625,9137193
-5.373697916666659,55.43634259259253,9137193
-4.68359375,55.5625,9137193
-7.265625,55.03125,9137193
-3.392578125,54.875,9137193
-5.585286458333337,55.4296875,9137193
-4.68359375,55.5625,9137193
-5.49308894230769,55.37980769230768,9137193
-8.328125,51.84375,9137193
-9.099609375,53.234375,9137193
-4.640625,55.46875,9137193
-5.4375,55.4375,9137193
-4.68359375,55.5625,9137193
-5.317447916666668,55.83958333333343,9137193
-8.265625,51.84375,9137193
-8.328125,51.84375,9137193
-5.38671875,55.43229166666669,9137193
-4.68359375,55.5625,9137193
-5.582812499999999,55.4375,9137193
-8.328125,51.84375,9137193
-5.7421875,54.71875,9137193
-4.640625,55.46875,9137193
-5.50159801136363,55.40767045454548,9137193
-8.28125,51.78125,9137193
-8.328125,51.84375,9137193
-5.321751644736835,55.83881578947367,9137193
-2.986328125,51.5625,9137193
-5.7421875,54.71875,9137193
-5.140625,55.59375,9137193
-4.640625,55.46875,9137193
-5.388085937500007,55.40625,9137193
-4.68359375,55.5625,9137193
-5.479910714285712,55.3764880952381,9137193
-5.68359375,54.6875,9137193
-8.28125,51.78125,9137193
-8.328125,51.84375,9137193
-9.046875,53.28125,9137193
-9.0625,53.25,9137193
-4.640625,55.46875,9137193
-5.7421875,54.71875,9137193
-4.640625,55.46875,9137193
-4.9453125,55.96875,9137193
-4.231820913461542,53.407451923077005,9137193
-2.986328125,51.5625,9137193
-5.321044921875,55.83984375,9137193
-4.640625,55.46875,9137193
-5.59765625,55.4375,9137193
-4.68359375,55.5625,9137193
-5.47301136363637,55.37642045454548,9137193
-5.6796875,54.6875,9137193
-6.348958333333335,52.15104166666668,9137193
-8.265625,51.84375,9137193
-8.328125,51.84375,9137193
-5.30820312499999,55.84062499999992,9137193
-4.68359375,55.5625,9137193
-5.386523437499997,55.4375,9137193
-4.640625,55.46875,9137193
-5.440932765151501,56.0,9137193
-4.68359375,55.5625,9137193
-5.6015625,55.4375,9137193
-5.671875,54.6875,9137193
-8.328125,51.84375,9137193
-5.671875,54.6875,9137193
-5.7421875,54.71875,9137193
-4.654575892857141,55.46428571428571,9137193
-4.9453125,55.96875,9137193
-2.98828125,51.5625,9137193
-5.566051136363633,55.4375,9137193
-4.68359375,55.5625,9137193
-5.5078125,55.38194444444446,9137193
-5.671875,54.6875,9137193
-8.328125,51.84375,9137193
-5.328125,56.03125,9137193
-4.68359375,55.5625,9137193
-5.326250000000002,55.84249999999997,9137193
-8.328125,51.84375,9137193
-5.297395833333328,55.83750000000002,9137193
-4.68359375,55.5625,9137193
-4.9453125,55.96875,9137193
-8.28125,51.78125,9137193
-8.328125,51.84375,9137193
-5.569227430555559,55.43055555555553,9137193
-4.68359375,55.5625,9137193
-8.53125,54.3125,9137193
-8.734834558823536,54.36948529411768,9137193
-5.5107421875,58.08203125,9137193
-3.896484375,57.625,9137193
-4.200143914473689,57.5,9137193
-2.958984375,57.6875,9137193
-2.951171875,53.3125,9164081
8.109375,53.625,9164081
4.2265625,51.28125,9164081
-3.451171875,53.5,9164081
-2.951171875,53.3125,9164081
8.109375,53.625,9164081
3.353515625,51.8125,9164081
4.25,51.28125,9164081
-2.951171875,53.3125,9164081
7.84765625,53.90625,9164081
8.109375,53.625,9164081
6.112926136363633,53.79261363636367,9164081
4.2265625,51.28125,9164081
-2.951171875,53.3125,9164081
8.109375,53.625,9164081
9.1484375,53.90625,9164081
18.890625,54.84375,9164081
18.5625,54.53125,9164081
9.9609375,57.0625,9164081
7.9765625,58.125,9164081
-9.185461956521756,52.62092391304351,9164081
-9.6484375,51.65625,9164081
-2.7578125,53.34375,9164081
9.0703125,53.875,9164081
10.125,54.375,9164081
9.5546875,55.71875,9164081
16.375,56.65625,9164081
11.375,57.9375,9164081
11.8203125,58.09375,9164081
3.322265625,51.78125,9164081
4.35546875,51.25,9164081
7.81640625,54.0625,9164081
9.953125,53.5,9164081
8.1796875,54.03125,9164081
-1.796712239583334,47.21614583333331,9164081
-1.54296875,43.59375,9164081
-1.5068359375,43.53125,9164081
-3.42578125,53.46875,9164081
-2.7578125,53.34375,9164081
-2.42578125,47.125,9164081
-1.763671875,47.20833333333333,9164081
3.744140625,51.9375,9164081
4.3125,51.875,9164081
18.546875,54.53125,9164081
7.9765625,58.125,9164081
-9.152777777777755,52.62384259259253,9164081
4.21484375,51.28125,9164081
9.1484375,53.90625,9164081
21.140625,55.6875,9164081
9.1640625,53.90625,9164081
9.953125,53.5,9164081
-2.421875,47.125,9164081
-2.1171875,47.3125,9164081
-2.396484375,47.09375,9164081
-1.634765625,47.1875,9164081
3.759765625,51.9375,9164081
4.26953125,51.875,9164081
9.1484375,53.90625,9164081
18.703125,54.5,9164081
18.546875,54.53125,9164081
18.6875,54.53125,9164081
24.125,57.03125,9164081
-3.455078125,53.53125,9164081
-2.951171875,53.3125,9164081
7.9765625,58.125,9164081
-9.128124999999986,52.62343749999997,9164081
4.23046875,51.28125,9164081
-8.8203125,40.65625,9164081
-8.7109375,40.65625,9164081
-8.84375,40.65625,9164081
-8.7109375,40.65625,9164081
4.2890625,51.34375,9164081
2.76953125,52.64583333333333,9164081
-0.08367919921875,49.46875,9164081
1.015625,49.40625,9164081
9.140625,53.90625,9164081
21.140625,55.6875,9164081
3.341796875,51.78125,9164081
4.33203125,51.28125,9164081
-3.400390625,53.46875,9164081
-2.9453125,53.3125,9164081
7.8359375,53.90625,9164081
8.5078125,53.5,9164081
-1.158203125,54.625,9164081
-5.931640625,43.59765625,9164081
-9.43880208333333,52.59375,9164081
-9.178645833333343,52.62708333333336,9164081
-0.10498046875,49.46875,9164081
1.015625,49.40625,9164081
2.5625,51.34375,9164081
3.783203125,51.15625,9164081
7.20703125,53.34375,9164081
6.329799107142859,53.96875,9164081
7.84375,53.875,9164081
7.9765625,58.125,9164081
-9.1015625,52.625,9164081
7.8046875,53.90625,9164081
8.5078125,53.5,9164081
-0.98779296875,54.6875,9164081
-1.158203125,54.625,9164081
3.318359375,51.8125,9164081
3.60546875,51.40625,9164081
3.783203125,51.15625,9164081
9.1484375,53.90625,9164081
14.6171875,53.5,9164081
26.921875,60.4375,9164081
10.96875,59.21875,9164081
18.53125,54.53125,9164081
14.2421875,53.96875,9164081
14.5859375,53.4375,9164081
18.703125,54.46875,9164081
18.671875,54.375,9164081
11.78125,57.65625,9164081
7.97265625,58.125,9164081
-9.642233455882344,52.592830882352914,9164081
4.30859375,51.875,9164081
18.703125,54.53125,9164081
18.546875,54.53125,9164081
23.90625,57.09375,9164081
24.125,57.03125,9164081
10.265625,54.5,9164081
0.36328125,53.625,9164081
-0.288330078125,53.75,9164081
7.97265625,58.125,9164081
8.5078125,53.5,9164081
3.712890625,51.9375,9164081
4.296875,51.875,9164081
10.3828125,59.15625,9164081
7.9765625,58.125,9164081
-9.46875,52.625,9164081
-9.484375,52.59375,9164081
-9.4921875,52.59375,9164081
-8.8359375,40.65625,9164081
-9.0234375,40.65625,9164081
-9.1796875,40.71875,9164081
-8.7109375,40.65625,9164081
4.33984375,51.875,9804825
4.41015625,51.875,9804825
-9.25,32.3125,9804825
-8.71875,33.15625,9804825
-8.633223684210563,33.125,9804825
32.3125,31.359375,9804825
32.40000000000001,30.310937499999987,9804825
38.5,19.78125,9804825
66.8125,24.515625,9804825
67.25,24.79652777777771,9804825
76.171875,9.951171875,9804825
76.25,9.96875,9804825
68.125,21.0,9804825
68.125,21.0625,9804825
69.90625,22.6328125,9804825
69.8125,22.5,9804825
103.6875,1.1748046875,9804825
122.021484375,29.95458984375,9804825
119.625,34.65625,9804825
122.75,29.796875,9804825
121.939903846154,29.953725961538503,9804825
121.0654761904762,37.7202380952381,9804825
129.625,35.28125,9804825
129.625,35.28125,9804825
129.375,35.4375,9804825
129.375,35.46875,9804825
129.375,35.4375,9804825
129.375,35.4375,9804825
103.6875,1.2119140625,9804825
40.40625,16.78125,9804825
38.34375,23.109375,9804825
38.375,23.171875,9804825
38.18850806451616,23.92288306451616,9804825
32.5625,29.828125,9804825
32.40625,30.32421875,9804825
4.36328125,51.25,9804825
4.28515625,51.34375,9804825
4.27734375,51.25,9804825
3.470703125,51.875,9804825
4.30859375,51.875,9804825
2.51953125,52.59375,9804825
2.8833984375000017,53.504687499999946,9804825
2.521484375,52.625,9804825
3.7421875,51.9375,9804825
4.2734375,51.875,9804825
3.330078125,51.8125,9804825
3.78515625,51.15625,9804825
0.1827392578125,49.46875,9804825
32.3125,31.375,9804825
32.375,30.34375,9804825
103.6875,1.205078125,9804825
103.6875,1.251953125,9804825
103.75,1.2724609375,9804825
103.6875,1.19921875,9804825
103.4375,1.2909780649038436,9804825
103.6875,1.1796875,9804825
103.75,1.2724609375,9804825
120.3125,22.578125,9804825
129.625,35.28125,9804825
129.625,35.1875,9804825
129.375,35.53125,9804825
129.375,35.46875,9804825
125.3,33.381249999999994,9804825
125.02083333333334,35.53125,9804825
129.75,35.4375,9804825
129.375,35.46875,9804825
129.75,35.4375,9804825
129.625,35.53125,9804825
129.625,35.5625,9804825
129.625,35.34375,9804825
129.375,35.46875,9804825
129.375,35.5,9804825
129.625,35.46527777777777,9804825
129.75,35.53125,9804825
129.625,35.5,9804825
129.625,35.5703125,9804825
129.75,35.5,9804825
129.625,35.46875,9804825
129.375,35.46875,9804825
122.75,29.75,9804825
121.9375,29.953125,9804825
120.0,23.828125,9804825
119.97916666666666,23.807291666666664,9804825
119.9375,23.78125,9804825
120.18055555555551,23.77951388888888,9804825
113.0,3.376953125,9804825
113.05999999999996,3.260156249999998,9804825
103.6875,1.19921875,9804825
103.6875,1.2548828125,9804825
103.625,1.2783203125,9804825
103.6875,1.1748046875,9804825
103.4375,3.974609375,9804825
32.53125,29.84375,9804825
32.53125,29.90625,9804825
32.40625,30.328125,9804825
4.28515625,51.90625,9804825
-3.0725911458333326,50.31770833333332,9804825
-3.2112926136363624,50.20738636363633,9804825
32.3125,31.359375,9804825
32.34375,30.375,9804825
-13.7109375,9.5234375,9425904
24.078125,37.71875,9425904
28.921875,40.96875,9425904
28.78125,40.8125,9425904
28.796875,40.78125,9425904
28.828125,40.78125,9425904
31.03125,46.3125,9425904
31.9375,46.78125,9425904
31.046875,46.28125,9425904
30.734375,46.21875,9425904
30.65625,46.3125,9425904
29.046875,41.375,9425904
4.8671875,52.40625,9425904
-3.013671875,53.46875,9425904
32.3125,31.359375,9425904
43.09375,11.6796875,9425904
91.6875,22.296875,9425904
91.8125,22.3125,9425904
90.75,20.765625,9425904
82.3125,17.0,9425904
25.6875,-33.875,9425904
1.31640625,6.109375,9425904
1.2890625,6.140625,9425904
1.3076171875,6.10546875,9425904
-10.8515625,6.328125,9425904
-10.84375,6.3359375,9425904
-10.84375,6.33984375,9425904
-13.4609375,8.4453125,9425904
-13.1953125,8.5,9425904
-13.3515625,8.078125,9425904
-12.78125,7.72265625,9425904
-15.4140625,28.125,9425904
-9.0546875,52.65625,9425904
20.84375,55.71875,9425904
21.171875,55.65625,9425904
21.109375,55.71875,9425904
10.6640625,57.6875,9425904
-15.40625,28.109375,9425904
3.359375,6.4296875,9425904
3.392578125,6.3125,9425904
18.46875,56.90625,9155963
14.859375,56.15625,9155963
9.734375,55.5625,9155963
26.328125,60.1875,9155963
26.265625,60.40625,9155963
19.03125,59.25,9155963
18.125,59.34375,9155963
20.34375,63.6875,9155963
28.53125,60.03125,9155963
29.390625,60.0,9155963
30.203125,59.875,9155963
14.859375,56.15625,9155963
18.671875,54.46875,9155963
18.671875,54.40625,9155963
9.140625,53.90625,9155963
-6.26171875,54.09375,9155963
-1.408203125,50.75,9155963
-1.43359375,50.90625,9155963
12.859375,56.65625,9155963
28.296875,59.65625,9155963
10.046875,57.0625,9155963
12.828125,55.875,9155963
13.5859375,54.46875,9155963
9.5,55.5,9155963
12.78125,56.59375,9155963
12.8515625,56.65625,9155963
13.828125,55.4375,9155963
14.859375,56.15625,9155963
26.25,60.40625,9155963
9.484375,55.5,9155963
11.546875,57.9375,9155963
12.828125,55.875,9155963
14.5859375,53.4375,9155963
12.125,54.15625,9155963
21.5625,63.09375,9155963
19.03125,59.25,9155963
17.109375,58.65625,9155963
17.78125,58.625,9155963
17.828125,59.375,9155963
17.734375,58.625,9155963
18.65625,54.4375,9155963
18.65625,54.375,9155963
21.125,55.6875,9155963
14.859375,56.125,9155963
14.859375,56.15625,9155963
11.86328125,58.25,9155963
14.859375,56.15625,9155963
14.859375,56.125,9155963
16.359375,56.65625,9155963
12.203125,55.46875,9155963
11.90625,58.34375,9155963
12.859375,56.65625,9155963
12.125,54.15625,9155963
14.859375,56.15625,9155963
14.84375,56.125,9155963
14.8515625,56.125,9155963
13.0,55.625,9155963
14.859375,56.15625,9155963
11.890625,58.34375,9155963
14.859375,56.15625,9155963
21.0,56.53125,9155963
12.0078125,54.25,9155963
12.125,54.15625,9155963
12.703125,56.03125,9155963
11.7890625,57.6875,9155963
5.640625,60.125,9155963
5.73828125,60.46875,9155963
12.703125,56.03125,9155963
12.8515625,56.65625,9155963
14.27083333333333,53.890625,9155963
14.5859375,53.4375,9155963
13.5703125,54.125,9155963
24.03125,57.0625,9155963
12.125,54.15625,9155963
24.03125,57.0625,9155963
12.125,54.15625,9155963
12.296875,54.90625,9155963
18.671875,54.40625,9155963
13.578125,54.125,9155963
21.15625,55.65625,9155963
12.0,54.21875,9155963
12.125,54.15625,9155963
21.15625,55.65625,9155963
12.125,54.15625,9155963
16.5625,59.59375,9155963
17.5625,59.28125,9155963
14.859375,56.15625,9155963
18.65625,54.4375,9155963
18.671875,54.375,9155963
11.984375,54.21875,9155963
12.125,54.15625,9155963
11.8984375,58.34375,9155963
11.09375,55.6875,9155963
16.5625,59.59375,9155963
20.34375,63.6875,9155963
16.484375,57.28125,9155963
9.734375,55.5625,9155963
12.125,54.15625,9155963
14.8671875,56.09375,9155963
14.859375,56.15625,9155963
13.015625,55.625,9155963
10.21875,56.15625,9155963
11.796875,57.65625,9155963
10.2265625,59.75,9155963
14.859375,56.15625,9155963
17.46875,59.34375,9155963
16.5625,59.59375,9155963
17.645833333333336,59.16666666666667,9155963
20.34375,63.6875,9155963
17.125,58.65625,9155963
21.109375,55.71875,9155963
17.53125,58.59375,9155963
17.125,58.65625,9155963
21.125,55.71875,9155963
24.0625,57.0625,9155963
14.859375,56.15625,9155963
12.125,54.15625,9155963
14.859375,56.15625,9155963
21.125,55.71875,7700582
24.71875,59.46875,7700582
29.28125,60.03125,7700582
29.84912109375,59.9365234375,7700582
27.38141741071434,59.55970982142868,7700582
29.8489583333334,59.96759259259245,7700582
27.71875,59.40625,7700582
30.125,59.90234375,7700582
27.734375,59.4375,7700582
29.84640330188684,59.96816037735832,7700582
27.6875,59.5,7700582
27.734375,59.40625,7700582
27.71875,59.40625,7700582
29.8984375,59.93933823529417,7700582
27.734375,59.40625,7700582
24.71875,59.46875,7700582
29.390625,60.03125,7700582
30.202566964285687,59.875,7700582
29.8662109375,59.93359375,7700582
23.859375,57.125,7700582
24.078125,57.03125,7700582
10.59375,57.6875,7700582
29.83906249999998,59.96979166666669,7700582
24.078125,57.03125,7700582
29.98601973684209,59.93585526315785,7700582
24.125,57.03125,7700582
29.328125,60.015625,7700582
29.971354166666647,59.93576388888894,7700582
24.046875,57.0625,7700582
29.375,60.03125,7700582
30.009375000000027,59.90781250000003,7700582
24.046875,57.0625,7700582
19.015625,69.6875,7700582
33.03125,68.9375,7700582
27.34375,71.125,7700582
26.578125,71.125,7700582
5.12109375,61.9375,7700582
5.31640625,60.40625,7700582
6.81640625,56.21875,7700582
4.6640625,52.46875,7700582
-1.25,57.5625,7700582
-1.720703125,57.5,7700582
-0.5751953125,57.28125,7700582
18.65625,54.40625,7700582
21.125,55.71875,7700582
21.03125,56.53125,7700582
4.476181806144146,52.56170550847503,8942979
4.26953125,52.09375,8942979
4.26953125,52.09375,8942979
4.26953125,52.09375,8942979
4.26953125,52.09375,8942979
4.26953125,52.09375,8942979
4.26953125,52.09375,8942979
9.15625,53.90625,8942979
10.140625,54.3125,8942979
10.1875,54.375,8942979
10.171875,54.34375,8942979
10.140625,54.3125,8942979
10.140625,54.3125,8942979
10.171875,54.34375,8942979
10.1640625,54.34375,8942979
10.140625,54.3125,8942979
10.140625,54.3125,8942979
10.140625,54.3125,8942979
10.140625,54.3125,8942979
10.1328125,54.3125,8942979
9.953125,53.53125,8942979
9.921875,53.53125,8942979
10.140625,54.3125,8942979
10.140625,54.3125,8942979
12.125,54.09375,8942979
12.125,54.09375,8942979
12.125,54.09375,8942979
12.125,54.09375,8942979
12.125,54.09375,8942979
12.125,54.09375,8942979
12.125,54.09375,8942979
12.125,54.09375,8942979
10.15625,54.375,8942979
9.7109375,54.3125,8942979
9.953125,53.53125,8942979
9.953125,53.53125,8942979
9.953125,53.53125,8942979
9.953125,53.53125,8942979
9.953125,53.53125,8942979
4.26953125,52.09375,8942979
4.27734375,52.125,8942979
4.26953125,52.09375,8942979
4.26953125,52.09375,8942979
9.953125,53.53125,8942979
9.953125,53.53125,8942979
9.953125,53.53125,8942979
9.953125,53.53125,8942979
9.953125,53.53125,8942979
9.953125,53.53125,8942979
9.984375,53.53125,8942979
4.26953125,52.09375,8942979
4.26953125,52.09375,8942979
1.744140625,51.34375,8942979
-2.08203125,49.625,8942979
-2.3781300080128056,48.93389423076902,8942979
-0.4758707682291663,50.11979166666668,8942979
4.26953125,52.09375,8942979
53.53125,14.21875,9732230
103.6875,1.193359375,9732230
103.6875,1.2919921875,9732230
104.80208333333336,2.053548177083333,9732230
104.8080357142858,2.047154017857144,9732230
104.765625,2.05810546875,9732230
104.86764705882342,2.060431985294116,9732230
104.38602941176455,1.3792221966911786,9732230
104.125,1.2998046875,9732230
104.0,1.4443359375,9732230
103.875,1.2626953125,9732230
104.8125,2.0703125,9732230
104.76041666666664,2.0118815104166674,9732230
104.80208333333336,2.0872395833333326,9732230
104.75,2.09375,9732230
104.8125,2.197265625,9732230
104.75,2.189453125,9732230
104.78125,2.0869140625,9732230
104.9983552631584,1.7928231222587834,9732230
116.6875,-20.25,9732230
116.625,-20.234375,9732230
116.75,-20.59375,9732230
116.5,-20.328125,9732230
103.625,1.158203125,9732230
125.921875,36.607421875,9732230
126.3125,37.0,9732230
103.9375,1.2822265625,9732230
52.53125,24.421875,9732230
52.6884765625,24.1875,9732230
32.5625,29.86458333333334,9732230
-5.23828125,36.09375,9732230
-5.30078125,51.8125,9732230
-4.99609375,51.6875,9732230
2.53515625,51.34375,9732230
4.28515625,51.34375,9732230
2.703125,51.46875,9732230
4.3046875,51.34375,9732230
32.3125,31.4375,9732230
126.125,37.0625,9732230
126.3125,37.03125,9732230
126.4375,37.03125,9732230
125.375,37.15625,9732230
121.75,38.46875,9732230
121.625,38.96875,9732230
122.0,38.9375,9732230
103.9375,1.248046875,9732230
103.8125,1.2099609375,9732230
103.6875,1.1904296875,9732230
32.625,29.75,9732230
32.53125,29.828125,9732230
3.177734375,51.9375,9732230
25.5625,60.3125,9732230
4.28515625,51.34375,9732230
10.148637820512796,34.3125,9732230
32.3125,31.40625,9732230
50.34375,13.518229166666668,9732230
103.9375,1.2666015625,9732230
128.0,34.625,9732230
127.75,34.875,9732230
125.42151162790682,36.81177325581395,9732230
125.625,36.875,9732230
126.3125,37.0,9732230
126.4375,37.03125,9732230
126.3125,37.03125,9732230
126.4375,37.03125,9732230
129.41666666666669,35.42708333333333,9732230
129.375,35.46875,9732230
126.1875,37.03125,9732230
126.375,37.03125,9732230
103.875,1.2587890625,9732230
12.265625,45.21875,9352183
12.939409722222166,44.40729166666675,9352183
22.796875,37.5625,9352183
24.067223837209347,38.96293604651157,9352183
27.96875,40.375,9352183
27.953125,40.34375,9352183
19.03125,37.125,9352183
16.386160714285708,37.741071428571416,9352183
14.28125,39.0,9352183
14.28125,39.0,9352183
14.28125,39.0,9352183
14.28125,39.0,9352183
9.35975302419357,41.375,9352183
9.359375,41.375,9352183
3.4800749747983977,42.90020161290342,9352183
3.4303651147959258,43.02869897959181,9352183
5.489483173076909,42.94651442307709,9352183
7.848958333333334,41.82291666666667,9352183
11.203125,40.53125,9352183
14.383680555555555,39.03125,9352183
23.546875,38.03125,9352183
22.921875,40.625,9352183
28.90625,40.96875,9352183
29.75,40.75,9352183
1.041910807291667,37.48958333333333,9352183
-0.97412109375,37.59375,9352183
-0.21533203125,39.65625,9352183
29.109375,40.4375,9352183
29.078125,40.40625,9352183
26.890625,39.0625,9352183
18.39791666666666,36.4375,9352183
7.176240808823536,38.89705882352939,9352183
2.6648437499999984,39.13124999999999,9352183
1.7503255208333337,39.3125,9352183
0.6778564453125,39.734375,9352183
0.0638427734375,39.96875,9352183
0.0143356323242187,39.96875,9352183
4.88671875,43.4375,9352183
28.921875,40.96875,9352183
27.453125,42.5,9352183
28.734375,44.125,9352183
28.640625,44.15625,9352183
29.0625,41.28125,9352183
29.078125,40.40625,9352183
-3.443359375,56.03125,9352183
-5.9765625,43.59375,9352183
-5.957181490384658,43.59375,9352183
23.628676470588225,38.405024509803866,9352183
23.62890625,38.421875,9352183
25.984375,39.78125,9352183
29.09375,40.40625,9352183
29.59375,40.78125,9352183
28.671875,40.96875,9352183
28.9375,41.0,9352183
31.421875,41.28125,9352183
29.046875,41.28125,9352183
29.59375,40.78125,9352183
29.171875,40.875,9352183
9.84375,44.09375,9352183
4.9375,43.40625,9352183
4.890625,43.4375,9352183
26.9375,38.78125,9352183
26.046875,39.78125,9352183
29.09375,40.40625,9352183
28.9375,41.0,9352183
37.12335526315775,41.34375,9352183
29.046875,41.28125,9352183
4.33203125,51.90625,9352183
-4.46875,46.34375,9352183
-4.46875,46.34375,9352183
-3.3718749999999997,44.54374999999999,9352183
-2.716796875,43.40625,9352183
30.323579545454518,31.71164772727276,9352183
34.625,36.71875,9352183
34.65625,36.8125,9352183
21.134046052631582,36.71710526315785,9352183
16.463281249999987,37.73124999999997,9352183
9.53125,42.625,9352183
8.5,44.3125,9352183
4.890625,43.4375,9352183
23.546875,38.03125,9352183
23.66796875,38.3984375,9352183
23.579545454545467,38.440340909090935,9352183
22.90625,40.625,9352183
28.9375,40.96875,9352183
37.09333881578964,41.31270559210572,9352183
29.046875,41.28125,9352183
28.921875,40.96875,9352183
-8.890625,42.21875,9352183
3.7421875,51.9375,9352183
4.33203125,51.90625,9352183
9.1328125,53.875,9352183
10.1328125,54.375,9352183
12.0859375,54.125,9352183
10.140625,54.375,9352183
-1.2232607886904734,49.74404761904757,9352183
23.57244318181817,38.57954545454547,9352183
23.59375,38.5625,9352183
24.58680555555549,39.17361111111097,9352183
29.234375,40.84375,9352183
5.84765625,54.8125,9291731
-4.85546875,55.96875,9291731
-4.34765625,55.875,9291731
-1.2412109375,54.59375,9291731
7.828125,53.90625,9291731
8.5625,53.53125,9291731
8.71875,53.125,9291731
1.90625,51.0625,9291731
2.28515625,51.03125,9291731
18.8125,57.71875,9291731
21.00744047619051,55.71875,9291731
21.140625,55.65625,9291731
13.90625,66.8125,9291731
-2.5703125,56.5,9291731
-2.626953125,56.34375,9291731
-2.9453125,56.46875,9291731
-3.16796875,55.96875,9291731
11.671875,57.59375,9291731
10.6875,53.875,9291731
13.1484375,55.375,9291731
4.09375,52.46875,9291731
4.7734375,52.40625,9291731
2.283203125,51.03125,9291731
14.1171875,66.3125,9291731
4.6015625,51.6875,9291731
4.46875,51.90625,9291731
4.3515625,51.90625,9291731
10.125,54.375,9291731
12.125,54.15625,9291731
21.0,56.53125,9291731
-0.10003662109375,49.46875,9291731
1.01171875,49.40625,9291731
1.16015625,52.03125,9291731
10.2265625,56.15625,9291731
10.9296875,56.40625,9291731
7.171875,56.78125,9291731
3.6875,52.125,9291731
4.27734375,51.875,9291731
3.70703125,51.4375,9291731
9.6953125,59.0625,9291731
10.9765625,59.0,9291731
10.953125,59.1875,9291731
4.63671875,51.8125,9291731
3.7265625,51.46875,9291731
13.9375,66.8125,9291731
5.16015625,60.375,9291731
17.109375,58.65625,9291731
24.671875,59.46875,9291731
5.75390625,58.9375,9291731
6.5546875,60.125,9291731
3.779296875,51.9375,9291731
4.47265625,51.90625,9291731
4.2734375,51.90625,9291731
14.2421875,53.96875,9291731
14.609375,53.40625,9291731
3.8125,51.34375,9291731
3.751953125,51.09375,9291731
14.140625,66.3125,9291731
13.9375,66.8125,9291731
12.7734375,55.90625,9291731
11.8046875,57.65625,9291731
1.158203125,52.03125,9291731
-1.9140625,43.34375,9291731
-1.90234375,43.3125,9291731
-5.9296875,43.59375,9291731
3.798828125,51.9375,9291731
4.46875,51.90625,9291731
4.125,51.96875,9291731
-1.1552734375,54.59375,9291731
3.72265625,51.46875,9291731
0.365478515625,53.625,9291731
-0.26171875,53.75,9291731
0.390380859375,52.75,9291731
-1.3728841145833337,50.39583333333333,9291731
-8.2734375,51.78125,9291731
-8.328125,51.84375,9291731
-5.91015625,54.625,9291731
14.1171875,66.3125,9291731
13.854166666666668,66.8125,9291731
16.1875,58.59375,9291731
21.5625,57.40625,9291731
18.65625,54.46875,9291731
18.671875,54.375,9291731
21.557291666666664,57.40625,9291731
-8.328125,51.84375,9291731
-8.328125,51.875,9291731
-3.013671875,53.46875,9291731
-3.033203125,43.34375,9291731
14.140625,66.3125,9291731
5.80078125,56.65625,9291731
6.82421875,53.46875,9291731
-1.4541015625,55.0,9291731
3.205078125,51.3125,9291731
4.66796875,52.46875,9291731
9.6953125,59.0625,9291731
6.3515625,58.3125,9291731
14.6015625,53.40625,9291731
18.53125,54.53125,9291731
3.337890625,51.78125,9291731
3.75390625,51.09375,9291731
3.791015625,51.15625,9291731
3.837890625,51.28125,9291731
27.734375,59.40625,9291731
17.109375,58.65625,9291731
-5.548828125,55.453125,9652844
-4.87109375,55.78125,9652844
-4.87109375,55.78125,9652844
-4.87109375,55.78125,9652844
-4.87109375,55.78125,9652844
-4.87109375,55.78125,9652844
-4.87109375,55.78125,9652844
-4.87109375,55.78125,9652844
-4.68359375,55.5625,9652844
-5.6015625,55.4375,9652844
-5.7734375,56.53125,9652844
-5.80859375,56.5,9652844
-5.7734375,56.53125,9652844
-5.78515625,56.5234375,9652844
-5.7734375,56.53125,9652844
-5.77734375,56.53125,9652844
-5.791015625,56.515625,9652844
-5.776562500000001,56.53125,9652844
-5.80859375,56.5,9652844
-5.7734375,56.53125,9652844
-5.801562499999999,56.53125,9652844
-5.79736328125,56.53125,9652844
-5.7734375,56.53125,9652844
-5.7998046875,56.5078125,9652844
-5.80859375,56.52734375,9652844
-5.783854166666666,56.53125,9652844
-5.794270833333334,56.53125,9652844
-5.80859375,56.5,9652844
-5.806249999999999,56.53125,9652844
-5.791015625,56.5234375,9652844
-5.80859375,56.5,9652844
-5.779296875,56.53125,9652844
-5.798549107142859,56.53125,9652844
-5.7802734375,56.53125,9652844
-5.7734375,56.53125,9652844
-5.789843749999999,56.53125,9652844
-5.80859375,56.5,9652844
-5.791015625,56.515625,9652844
-5.80859375,56.52604166666668,9652844
-5.7734375,56.53125,9652844
-5.7734375,56.53125,9652844
-5.802734375,56.515625,9652844
-5.8046875,56.53125,9652844
-5.799479166666665,56.53125,9652844
-5.803571428571427,56.53125,9652844
-5.80859375,56.52678571428571,9652844
-5.803740530303031,56.53125,9652844
-5.80859375,56.5,9652844
-5.787326388888886,56.53125,9652844
-5.787109375,56.53125,9652844
-5.78125,56.53125,9652844
-5.805338541666665,56.50520833333332,9652844
-5.799479166666666,56.53125,9652844
-5.80859375,56.515625,9652844
-5.791015625,56.515625,9652844
-5.78125,56.53125,9652844
-5.7734375,56.53125,9652844
-5.792317708333335,56.52604166666668,9652844
-5.7734375,56.53125,9652844
-5.791015625,56.515625,9652844
-5.791852678571427,56.52678571428571,9652844
-5.78515625,56.53125,9652844
-5.80859375,56.5,9652844
-5.805338541666665,56.52604166666668,9652844
-5.7734375,56.53125,9652844
-5.7734375,56.53125,9652844
-5.807477678571427,56.50446428571429,9652844
-5.7734375,56.53125,9652844
-5.796875,56.53125,9652844
-5.7734375,56.53125,9652844
-5.7734375,56.53125,9652844
-5.79507211538462,56.53125,9652844
-5.7734375,56.53125,9652844
-5.7734375,56.53125,9652844
-5.791015625,56.515625,9652844
-5.779296875,56.52604166666668,9652844
-5.7734375,56.53125,9652844
-5.794270833333334,56.53125,9652844
-5.7734375,56.53125,9652844
-5.7734375,56.53125,9652844
-5.80709134615385,56.50240384615384,9652844
-5.7734375,56.53125,9652844
-5.77764423076923,56.53125,9652844
-5.78515625,56.53125,9652844
-5.791015625,56.53125,9652844
-5.80859375,56.5,9652844
-5.7734375,56.53125,9652844
-5.7734375,56.53125,9652844
-5.7734375,56.53125,9652844
-5.775390625,56.53125,9652844
-5.7734375,56.53125,9652844
-5.80859375,56.5,9652844
-5.789843749999999,56.525000000000006,9652844
-5.7890625,56.53125,9652844
-5.783482142857141,56.53125,9652844
-5.7734375,56.53125,9652844
-5.78125,56.53125,9652844
-5.7734375,56.53125,9652844
-5.7734375,56.53125,9652844
-5.791015625,56.515625,9652844
-5.783854166666666,56.53125,9652844
-5.7734375,56.53125,9652844
-5.775390625,56.53125,9652844
-5.806640625,56.515625,9652844
-5.80859375,56.5,9652844
-5.7734375,56.53125,9652844
-5.7734375,56.53125,9652844
-5.776041666666666,56.53125,9652844
-5.78125,56.53125,9652844
-5.779296875,56.53125,9652844
-5.791015625,56.53125,9652844
-5.788890796703312,56.53125,9652844
-5.80078125,56.515625,9652844
-5.785937499999999,56.53125,9652844
-5.7734375,56.53125,9652844
-5.786458333333334,56.53125,9652844
-5.7734375,56.53125,9652844
-5.796875,56.53125,9652844
-5.80078125,56.515625,9652844
-5.7734375,56.53125,9652844
-5.7734375,56.53125,9652844
-5.7734375,56.53125,9652844
-5.80859375,56.5,9652844
-5.7890625,56.53125,9652844
-5.7734375,56.53125,9652844
-5.79296875,56.515625,9652844
-5.7734375,56.53125,9652844
-5.77734375,56.53125,9652844
-5.791015625,56.515625,9652844
-5.7822265625,56.5234375,9652844
-5.7734375,56.53125,9652844
-5.7890625,56.53125,9652844
-5.80859375,56.5,9652844
-5.7734375,56.53125,9652844
-5.7734375,56.53125,9652844
-5.80859375,56.5,9652844
-5.79296875,56.515625,9652844
-5.779296875,56.53125,9652844
-5.7734375,56.53125,9652844
-5.80859375,56.5,9652844
-5.775390625,56.53125,9652844
-5.7802734375,56.53125,9652844
-5.791015625,56.515625,9652844
-5.80078125,56.53125,9652844
-5.795572916666666,56.52083333333333,9652844
-5.795312500000001,56.53125,9652844
-5.7734375,56.53125,9652844
-5.782812499999999,56.53125,9652844
-5.791015625,56.515625,9652844
-5.80859375,56.5,9652844
-5.80859375,56.5,9652844
-5.791015625,56.515625,9652844
-5.80859375,56.5,9652844
-5.7734375,56.53125,9652844
-5.791015625,56.515625,9652844
-5.7734375,56.53125,9652844
-5.7734375,56.53125,9652844
-5.7890625,56.53125,9652844
-5.807812500000001,56.50625,9652844
-5.7998046875,56.53125,9652844
-5.794270833333334,56.53125,9652844
-5.791015625,56.515625,9652844
-5.77734375,56.53125,9652844
-5.793526785714287,56.53125,9652844
-5.7998046875,56.5234375,9652844
-5.791015625,56.515625,9652844
-5.792187500000001,56.53125,9652844
-5.7734375,56.53125,9652844
-5.7734375,56.53125,9652844
-5.775390625,56.53125,9652844
-5.787109375,56.53125,9652844
-5.779296875,56.53125,9652844
-5.7939453125,56.53125,9652844
-5.7734375,56.53125,9652844
-5.791015625,56.515625,9652844
-5.7734375,56.53125,9652844
-5.78515625,56.53125,9652844
-5.80419921875,56.53125,9652844
-5.807291666666666,56.53125,9652844
-5.7734375,56.53125,9652844
-5.7890625,56.53125,9652844
-5.791015625,56.53125,9652844
-5.791015625,56.53125,9652844
-5.7734375,56.53125,9652844
-5.7734375,56.53125,9652844
-5.80859375,56.5,9652844
-5.7734375,56.53125,9652844
-5.797526041666665,56.53125,9652844
-5.8115234375,56.5234375,9652844
-5.7822265625,56.5234375,9652844
-5.7890625,56.53125,9652844
-5.77734375,56.53125,9652844
-5.779296875,56.53125,9652844
-5.7734375,56.53125,9652844
-5.7734375,56.53125,9652844
-5.7734375,56.53125,9652844
-5.7734375,56.53125,9652844
-5.787109375,56.53125,9652844
-5.796875,56.53125,9652844
-5.78515625,56.52083333333333,9652844
-5.791015625,56.515625,9652844
-5.7939453125,56.53125,9652844
-5.7958984375,56.53125,9652844
-5.7890625,56.53125,9652844
-5.7734375,56.53125,9652844
-5.78515625,56.53125,9652844
-5.796875,56.51041666666667,9652844
-5.7890625,56.53125,9652844
-5.7734375,56.53125,9652844
-5.803385416666666,56.51041666666667,9652844
-5.7734375,56.53125,9652844
-5.80859375,56.5,9652844
-5.78125,56.53125,9652844
-5.7734375,56.53125,9652844
-5.7998046875,56.5078125,9652844
-5.7802734375,56.53125,9652844
-5.791015625,56.515625,9652844
-5.80859375,56.53125,9652844
-5.80859375,56.5,9652844
-5.80859375,56.515625,9652844
-5.799218750000001,56.525000000000006,9652844
-5.7734375,56.53125,9652844
-5.7734375,56.53125,9652844
-5.80842472956735,56.53125,9652844
-5.7734375,56.53125,9652844
-5.7734375,56.53125,9652844
-5.787109375,56.53125,9652844
-5.7890625,56.53125,9652844
-5.80859375,56.5,9652844
-5.8046875,56.53125,9652844
-5.799479166666666,56.53125,9652844
-5.7734375,56.53125,9652844
-5.8056640625,56.53125,9652844
-5.778645833333334,56.53125,9652844
-5.791015625,56.515625,9652844
-5.791015625,56.515625,9652844
-5.7822265625,56.5234375,9652844
-5.792187500000001,56.53125,9652844
-5.80859375,56.5,9652844
-5.78515625,56.53125,9652844
-5.7734375,56.53125,9652844
-5.80859375,56.5,9652844
-5.789713541666665,56.53125,9652844
-5.7763671875,56.53125,9652844
-5.7734375,56.53125,9652844
-5.80078125,56.52083333333333,9652844
-5.779687500000001,56.53125,9652844
-5.7880859375,56.5234375,9652844
-5.7734375,56.53125,9652844
-5.80859375,56.5,9652844
-5.790364583333334,56.53125,9652844
-5.798828125,56.515625,9652844
-5.7998046875,56.5078125,9652844
-5.80859375,56.53125,9652844
-5.77734375,56.53125,9652844
-5.7734375,56.53125,9652844
-5.7890625,56.53125,9652844
-5.79296875,56.53125,9652844
-5.7734375,56.53125,9652844
-5.7734375,56.53125,9652844
-5.7734375,56.53125,9652844
-5.776041666666666,56.53125,9652844
-5.80859375,56.5,9652844
-5.803385416666666,56.52083333333333,9652844
-5.7890625,56.53125,9652844
-5.78125,56.53125,9652844
-5.7734375,56.53125,9652844
-5.791015625,56.5234375,9652844
-5.791015625,56.53125,9652844
-5.7734375,56.53125,9652844
-5.7734375,56.53125,9652844
-5.802734375,56.515625,9652844
-5.7734375,56.53125,9652844
-5.7802734375,56.53125,9652844
-5.7734375,56.53125,9652844
-5.796875,56.53125,9652844
-5.7734375,56.53125,9652844
-5.7734375,56.53125,9652844
-5.805397727272725,56.502840909090935,9652844
-5.77783203125,56.52734375,9652844
-5.793526785714287,56.53125,9652844
-5.80859375,56.5,9652844
-5.775390625,56.53125,9652844
-5.774218749999999,56.53125,9652844
-5.791015625,56.515625,9652844
-5.779296875,56.52604166666668,9652844
-5.7998046875,56.5234375,9652844
-5.7734375,56.53125,9652844
-5.7734375,56.53125,9652844
-5.783854166666666,56.53125,9652844
-5.7734375,56.53125,9652844
-5.805989583333334,56.51041666666667,9652844
-5.80859375,56.5,9652844
-5.7890625,56.53125,9652844
-5.7734375,56.53125,9652844
-5.7734375,56.53125,9652844
-5.786458333333334,56.53125,9652844
-5.80859375,56.5,9652844
-5.7890625,56.53125,9652844
-5.802083333333334,56.53125,9652844
-5.796875,56.51041666666667,9652844
-5.79296875,56.52083333333333,9652844
-5.79296875,56.515625,9652844
-5.791015625,56.515625,9652844
-5.778645833333334,56.53125,9652844
-5.7734375,56.53125,9652844
-5.791015625,56.53125,9652844
-5.78515625,56.52083333333333,9652844
-5.779296875,56.53125,9652844
-5.7734375,56.53125,9652844
-5.80078125,56.515625,9652844
-5.7734375,56.53125,9652844
-5.7880859375,56.5234375,9652844
-5.802734375,56.515625,9652844
-5.7734375,56.53125,9652844
-5.7734375,56.53125,9652844
-5.80859375,56.53125,9652844
-5.7734375,56.53125,9652844
-5.80859375,56.5,9652844
-5.791015625,56.515625,9652844
-5.791015625,56.53125,9652844
-5.7734375,56.53125,9652844
-5.7734375,56.53125,9652844
-5.80859375,56.5,9652844
-5.7734375,56.53125,9652844
-5.7734375,56.53125,9652844
-5.80859375,56.5,9652844
-5.7734375,56.53125,9652844
-5.7734375,56.53125,9652844
-5.80859375,56.525000000000006,9652844
-5.7890625,56.53125,9652844
-5.7734375,56.53125,9652844
-5.77734375,56.53125,9652844
-5.779296875,56.53125,9652844
-5.80859375,56.5,9652844
-5.787109375,56.53125,9652844
-5.797656249999999,56.53125,9652844
-5.7734375,56.53125,9652844
-5.80859375,56.5,9652844
-5.803125000000001,56.53125,9652844
-5.7734375,56.53125,9652844
-5.779296875,56.53125,9652844
-5.7734375,56.53125,9652844
-5.8046875,56.50625,9652844
-5.7734375,56.53125,9652844
-5.78125,56.53125,9652844
-5.7734375,56.53125,9652844
-5.796093750000001,56.53125,9652844
-5.7734375,56.53125,9652844
-5.7734375,56.53125,9652844
-5.7734375,56.53125,9652844
-5.785937499999999,56.53125,9652844
-5.7734375,56.53125,9652844
-5.80859375,56.5,9652844
-5.7734375,56.53125,9652844
-5.780468750000001,56.525000000000006,9652844
-5.80859375,56.5,9652844
-5.7734375,56.53125,9652844
-5.776562500000001,56.53125,9652844
-5.7734375,56.53125,9652844
-5.80859375,56.5,9652844
-5.80859375,56.5078125,9652844
-5.787109375,56.53125,9652844
-5.7734375,56.53125,9652844
-5.7734375,56.53125,9652844
-5.779296875,56.53125,9652844
-5.80859375,56.5,9652844
-5.7734375,56.53125,9652844
-5.776562500000001,56.53125,9652844
-5.7734375,56.53125,9652844
-5.7734375,56.53125,9652844
-5.7734375,56.53125,9652844
-5.7734375,56.53125,9652844
-5.7734375,56.53125,9652844
-5.802343749999999,56.53125,9652844
-5.8076171875,56.5078125,9652844
-5.801562499999999,56.50625,9652844
-5.8046875,56.515625,9652844
-5.7822265625,56.5234375,9652844
-5.80859375,56.5,9652844
-5.7734375,56.53125,9652844
-5.80859375,56.515625,9652844
-5.7734375,56.53125,9652844
-5.80859375,56.5,9652844
-5.7734375,56.53125,9652844
-5.779296875,56.53125,9652844
-5.7734375,56.53125,9652844
-5.7734375,56.53125,9652844
-5.80859375,56.5,9652844
-5.7734375,56.53125,9652844
-5.8076171875,56.5078125,9652844
-5.7734375,56.53125,9652844
-5.80859375,56.5,9652844
-5.7734375,56.53125,9652844
-5.791015625,56.53125,9652844
-5.7734375,56.53125,9652844
-5.7734375,56.53125,9652844
-5.8046875,56.53125,9652844
-5.7734375,56.53125,9652844
-5.80078125,56.5078125,9652844
-5.80078125,56.515625,9652844
-5.7734375,56.53125,9652844
-5.78125,56.53125,9652844
-5.7734375,56.53125,9652844
-5.7734375,56.53125,9652844
-5.791666666666666,56.53125,9652844
-5.80859375,56.5,9652844
-5.7734375,56.53125,9652844
-5.7734375,56.53125,9652844
-5.80859375,56.5,9652844
-5.80859375,56.5,9652844
-5.7734375,56.53125,9652844
-5.77734375,56.53125,9652844
-5.7734375,56.53125,9652844
-5.787109375,56.53125,9652844
-5.80859375,56.5,9652844
-5.7734375,56.53125,9652844
-5.779296875,56.53125,9652844
-5.80859375,56.5,9652844
-5.80859375,56.5,9652844
-5.7734375,56.53125,9652844
-5.796875,56.515625,9652844
-5.774739583333334,56.53125,9652844
-5.7734375,56.53125,9652844
-5.7734375,56.53125,9652844
-5.80859375,56.5,9652844
-5.80859375,56.5,9652844
-5.776041666666666,56.53125,9652844
-5.7734375,56.53125,9652844
-5.80078125,56.53125,9652844
-5.7734375,56.53125,9652844
-5.80859375,56.5,9652844
-5.80859375,56.53125,9652844
-5.78125,56.53125,9652844
-5.7734375,56.53125,9652844
-5.7734375,56.53125,9652844
-5.7890625,56.53125,9652844
-5.7734375,56.53125,9652844
-5.7734375,56.53125,9652844
-5.7734375,56.53125,9652844
-5.7734375,56.53125,9652844
-5.80859375,56.5,9652844
-5.7734375,56.53125,9652844
-5.806640625,56.515625,9652844
-5.79296875,56.53125,9652844
-5.80859375,56.5,9652844
-5.7734375,56.53125,9652844
-5.7734375,56.53125,9652844
-5.7734375,56.53125,9652844
-5.796875,56.51041666666667,9652844
-5.7734375,56.53125,9652844
-5.779296875,56.53125,9652844
-5.7734375,56.53125,9652844
-5.7734375,56.53125,9652844
-5.8046875,56.515625,9652844
-5.783203125,56.53125,9652844
-5.7734375,56.53125,9652844
-5.7734375,56.53125,9652844
-5.7734375,56.53125,9652844
-5.7734375,56.53125,9652844
-5.7734375,56.53125,9652844
-5.7734375,56.53125,9652844
-5.7734375,56.53125,9652844
-5.7734375,56.53125,9652844
-5.7734375,56.53125,9652844
-5.80859375,56.5,9652844
-5.7734375,56.53125,9652844
-5.799479166666666,56.51041666666667,9652844
-5.796875,56.53125,9652844
-5.791015625,56.515625,9652844
-5.791015625,56.515625,9652844
-5.80859375,56.515625,9652844
-5.7734375,56.53125,9652844
-5.80859375,56.5,9652844
-5.80859375,56.5,9652844
-5.802734375,56.50520833333332,9652844
-5.795572916666666,56.52083333333333,9652844
-5.80859375,56.5,9652844
-5.80859375,56.5,9652844
-5.7734375,56.53125,9652844
-5.7734375,56.53125,9652844
-5.791015625,56.5234375,9652844
-5.791015625,56.515625,9652844
-5.7734375,56.53125,9652844
-5.7734375,56.53125,9652844
-5.7734375,56.53125,9652844
-5.7734375,56.53125,9652844
-5.80859375,56.5,9652844
-5.80859375,56.5,9652844
-5.791015625,56.515625,9652844
-5.791015625,56.515625,9652844
-5.7734375,56.53125,9652844
55.34375,25.546875,9908334
55.5,25.46875,9908334
56.5625,25.21875,9908334
64.875,23.447916666666664,9908334
70.125,22.824448529411768,9908334
70.25,23.03125,9908334
69.6875,22.734375,9908334
62.26041666666667,19.260416666666664,9908334
38.5,23.203125,9908334
38.46875,23.234375,9908334
38.28125,23.905570652173893,9908334
32.5625,29.84201388888889,9908334
32.53125,29.90625,9908334
32.4375,30.3125,9908334
8.828125,44.40625,9908334
5.630468749999999,42.806250000000006,9908334
4.984611742424249,42.96401515151524,9908334
-5.34375,35.90625,9908334
0.173828125,49.46875,9908334
4.35546875,51.90625,9908334
2.718994140625,52.24544270833322,9908334
3.345703125,51.78125,9908334
4.23046875,51.28125,9908334
4.34375,51.875,9908334
4.28515625,51.90625,9908334
4.18359375,51.9375,9908334
-0.4280598958333333,50.4375,9908334
2.346028645833333,40.48958333333333,9908334
3.0837890624999984,41.12187499999997,9908334
4.9375,43.40625,9908334
4.99609375,43.40625,9908334
10.03125,37.90625,9908334
25.276041666666664,33.67708333333333,9908334
32.3125,31.359375,9908334
32.368750000000006,30.375,9908334
37.625,23.90625,9908334
38.25,23.953125,9908334
38.27734375,23.8505859375,9908334
49.58333333333333,13.268229166666668,9908334
52.08333333333333,14.052083333333332,9908334
72.625,18.796875,9908334
72.87916666666672,18.93854166666668,9908334
72.625,20.84375,9908334
72.625,21.09201388888889,9908334
66.9375,24.640625,9908334
67.0,24.8125,9908334
55.0625,24.96875,9908334
49.6875,27.078125,9908334
49.78125,27.09375,9908334
49.68958333333336,27.07708333333332,9908334
49.925595238095184,27.209077380952408,9908334
56.5,25.171875,9908334
70.25,23.03125,9908334
40.91666666666667,16.380208333333336,9908334
32.53125,29.90625,9908334
32.4375,30.296875,9908334
14.796875,35.875,9908334
5.21484375,43.28125,9908334
5.21484375,43.28125,9908334
5.21484375,43.28125,9908334
5.21484375,43.28125,9908334
1.849609375,51.0625,9908334
2.26171875,51.03125,9908334
4.28515625,51.90625,9908334
3.322265625,51.78125,9908334
4.36328125,51.25,9908334
4.28515625,51.34375,9908334
25.96875,39.8125,9908334
28.984375,40.71875,9908334
28.828125,44.125,9908334
28.65625,44.15625,9908334
29.04296875,42.4765625,9908334
29.0625,41.375,9908334
28.859375,40.9375,9908334
32.3125,31.359375,9908334
32.39903846153848,30.37019230769232,9908334
34.08333333333333,27.463541666666664,9908334
72.625,18.784375,9908334
72.625,18.796875,9908334
72.9342105263157,18.936677631578924,9908334
70.125,22.796875,9908334
70.25,23.029296875,9908334
54.97395833333332,25.078125,9908334
54.46718749999997,25.282812500000027,9908334
49.8125,27.15625,9908334
49.6875,27.015625,9908334
56.5625,25.267578125,9908334
66.9375,24.640625,9908334
67.0,24.8125,9908334
56.59375,25.21875,9908334
32.5625,29.853515625,9908334
4.28515625,51.90625,9908334
4.078125,52.4375,9908334
4.82421875,52.40625,9908334
3.560546875,52.15625,9908334
4.28125,51.90625,9908334
-5.40234375,36.1875,9908334
33.03125,34.65625,9908334
32.3125,31.359375,9908334
32.34375,30.359375,9908334
32.53125,29.828125,9908334
37.53125,23.96875,9908334
37.6875,24.015625,9908334
38.21875,23.953125,9908334
72.5625,18.796875,9908334
72.9375,18.951822916666654,9908334
72.625,20.765625,9908334
72.625,20.859375,9908334
72.625,21.078125,9908334
69.6875,22.73372395833336,9908334
70.0625,22.78125,9908334
70.25,23.03125,9908334
67.0,24.84375,9908334
56.46875,25.34375,9908334
55.375,25.53125,9908334
55.46875,25.46875,9908334
49.8125,27.171875,9908334
50.51207386363623,27.322443181818112,9908334
54.375,24.53125,9908334
52.5,24.45833333333334,9908334
52.78046875000011,24.736328125,9908334
56.59375,25.21875,9908334
70.0625,22.765625,9908334
70.25,23.03125,9908334
57.28125,17.536458333333336,9908334
32.5625,29.84375,9908334
5.825520833333334,41.98958333333333,9908334
5.412760416666666,42.76041666666667,9908334
5.14522058823529,43.21323529411768,9908334
4.462239583333334,42.42708333333333,9908334
-5.34765625,35.90625,9908334
4.2890625,51.34375,9908334
3.595703125,51.9375,9908334
4.34765625,51.875,9908334
4.63671875,51.78125,9908334
4.19140625,51.9375,9908334
7.42578125,54.0625,9647473
8.515625,53.59375,9647473
4.04296875,51.96875,9647473
-6.1796875,35.84375,9647473
-5.5390625,35.875,9647473
32.34375,31.46875,9647473
54.03125,16.953125,9647473
114.125,22.328125,9647473
121.23709239130469,26.809612771739257,9647473
114.5,22.315193965517224,9647473
103.5625,1.349609375,9647473
32.5625,29.828125,9647473
-0.974609375,49.59375,9647473
-0.7021484375,49.59375,9647473
-0.90625,49.6875,9647473
-0.71728515625,49.6875,9647473
-0.70458984375,49.6875,9647473
-0.63623046875,49.6875,9647473
-0.453369140625,49.6875,9647473
-0.445068359375,49.6875,9647473
-0.7470703125,49.65625,9647473
-0.806640625,49.5625,9647473
4.00390625,51.96875,9647473
7.41796875,54.03125,9647473
8.5234375,53.59375,9647473
4.0390625,51.96875,9647473
-5.5390625,35.875,9647473
32.53125,31.4375,9647473
40.3125,17.578125,9647473
40.53125,17.203125,9647473
54.03125,16.953125,9647473
114.125,22.328125,9647473
122.875,29.5,9647473
122.09375,29.90625,9647473
120.25,25.28125,9647473
114.3125,22.578125,9647473
103.5625,1.3330078125,9647473
32.5625,29.84375,9647473
4.00390625,51.96875,9647473
7.421875,54.0625,9647473
8.5234375,53.59375,9647473
3.6171875,52.25,9647473
4.0390625,51.96875,9647473
-5.56640625,35.90625,9647473
-5.53515625,35.875,9647473
39.09375,22.53125,9647473
40.125,17.96875,9647473
54.0,16.953125,9647473
114.125,22.328125,9647473
122.0625,29.890625,9647473
118.0625,24.4375,9647473
114.25,22.578125,9647473
103.5625,1.3486328125,9647473
32.5625,29.828125,9647473
20.78125,34.6875,9647473
-0.63427734375,49.59375,9647473
-0.73779296875,49.6875,9647473
-0.6142578125,49.71875,9647473
3.376953125,51.8125,9647473
4.00390625,51.96875,9647473
7.4609375,54.09375,9647473
8.5234375,53.59375,9647473
4.046875,51.96875,9647473
-5.5390625,35.875,9647473
32.46875,31.453125,9647473
32.40625,30.296875,9647473
39.09375,22.53125,9647473
54.0625,16.90625,9647473
54.03125,16.953125,9647473
114.125,22.328125,9647473
121.9375,29.9375,9647473
121.19375000000004,35.24375000000001,9647473
120.1875,36.0,9647473
128.875,34.75,9647473
128.875,34.75,9647473
128.75,35.0625,9647473
128.375,33.53125,9647473
122.0625,29.890625,9647473
122.43560606060596,29.734375,9647473
122.0625,29.890625,9647473
121.37424698795186,34.96969126506017,9647473
121.84868421052632,35.62006578947367,9647473
121.875,35.65625,9647473
-72.859375,19.43359375,9002659
-74.0,40.6875,9002659
-72.6875,19.453125,9002659
-72.8125,19.296875,9002659
-72.6875,19.109375,9002659
-72.625,18.625,9002659
-72.4375,18.578125,9002659
-72.375,18.5625,9002659
-72.625,18.625,9002659
-72.375,18.5625,9002659
-74.0,40.6875,9002659
-72.6875,19.109375,9002659
-79.875,9.46875,9002659
-79.875,9.3671875,9002659
-66.9375,10.6015625,9002659
-68.0,10.515625,9002659
-68.0,10.4765625,9002659
-73.75,40.5,9002659
-74.0,40.6875,9002659
-72.75,19.4375,9002659
-72.75,19.4375,9002659
-72.375,18.5625,9002659
-72.5,18.59375,9002659
-72.375,18.5625,9002659
-63.03125,18.015625,9002659
-63.03125,18.015625,9002659
-62.71875,17.28125,9002659
-61.53125,16.234375,9002659
-63.03125,18.015625,9002659
-62.84375,17.90625,9002659
-63.03125,18.015625,9002659
-64.625,18.328125,9002659
-66.0625,18.4375,9002659
-64.75,17.703125,9002659
-63.03125,18.015625,9002659
-62.84375,17.90625,9002659
-62.71875,17.28125,9002659
-61.53125,16.234375,9002659
-63.03125,17.984375,9002659
-62.84375,17.90625,9002659
-63.03125,18.015625,9002659
-64.625,18.421875,9002659
-64.625,18.328125,9002659
-66.0625,18.4375,9002659
-64.9375,18.328125,9002659
-63.03125,18.015625,9002659
-62.71875,17.28125,9002659
-61.53125,16.234375,9002659
-62.86458333333333,17.869791666666664,9002659
-63.03125,18.015625,9002659
-64.625,18.328125,9002659
-66.0625,18.4375,9002659
-64.75,17.6875,9002659
-63.03125,18.015625,9002659
-62.91666666666667,17.927083333333336,9002659
-62.71875,17.28125,9002659
-61.53125,16.234375,9002659
-63.03125,18.015625,9002659
-64.625,18.421875,9002659
-63.03125,18.015625,9002659
-62.875,17.90625,9002659
-64.9375,18.328125,9002659
-63.03125,18.015625,9002659
-62.84375,17.90625,9002659
-62.71875,17.28125,9002659
-61.53125,16.234375,9002659
-63.03125,18.015625,9002659
-62.84375,17.90625,9002659
-63.03125,18.015625,9002659
10.5390625,55.46875,9002659
24.09375,56.96875,9002659
17.677083333333336,59.13541666666667,9002659
24.09375,56.96875,9002659
17.681250000000006,59.10624999999999,9002659
24.09375,56.96875,9002659
17.65625,59.15625,9002659
24.09375,56.96875,9002659
17.65625,59.15625,9002659
24.09375,56.96875,9002659
17.684375000000003,59.13125,9002659
24.09375,56.96875,9002659
17.65625,59.15625,9002659
24.09375,56.96875,9002659
17.65625,59.15625,9002659
24.09375,56.96875,9002659
17.6875,59.125,9002659
24.09375,56.96875,9002659
17.65625,59.15625,9002659
24.09375,56.96875,9002659
17.65625,59.15625,9002659
24.09375,56.96875,9002659
17.677083333333336,59.11458333333333,9002659
24.09375,56.96875,9002659
17.65625,59.15625,9002659
24.09375,56.96875,9002659
17.65625,59.15625,9002659
24.09375,56.96875,9002659
17.65625,59.15625,9002659
24.09375,56.96875,9002659
17.65625,59.15625,9002659
24.09375,56.96875,9002659
17.69140625,59.1015625,9002659
24.09375,56.96875,9002659
17.65625,59.15625,9002659
24.09375,56.96875,9002659
17.65625,59.15625,9002659
24.09375,56.96875,9002659
17.65625,59.15625,9002659
24.09375,56.96875,9002659
17.65625,59.15625,9002659
24.09375,56.96875,9002659
17.671875,59.140625,9002659
24.09375,56.96875,9002659
17.6796875,59.1328125,9002659
24.09375,56.96875,9002659
17.677083333333336,59.13541666666667,9002659
24.09375,56.96875,9002659
17.677083333333336,59.13541666666667,9002659
24.09375,56.96875,9002659
17.671875,59.140625,9002659
24.09375,56.96875,9002659
17.65625,59.15625,9002659
24.09375,56.96875,9002659
17.671875,59.140625,9002659
24.09375,56.96875,9002659
17.671875,59.140625,9002659
24.09375,56.96875,9002659
17.677083333333336,59.13541666666667,9002659
24.09375,56.96875,9002659
17.65625,59.15625,9002659
24.09375,56.96875,9002659
17.666666666666664,59.11458333333333,9002659
24.09375,56.96875,9002659
17.671875,59.140625,9002659
24.09375,56.96875,9002659
17.671875,59.140625,9002659
24.09375,56.96875,9002659
17.671875,59.140625,9002659
20.041666666666664,58.22916666666667,9002659
24.09375,56.96875,9002659
17.65625,59.15625,9002659
24.09375,56.96875,9002659
17.65625,59.15625,9002659
24.09375,56.96875,9002659
17.682291666666664,59.10416666666667,9002659
17.65625,59.15625,9002659
24.09375,56.96875,9002659
24.09375,56.96875,9002659
17.671875,59.140625,9002659
24.09375,56.96875,9002659
17.65625,59.15625,9002659
24.09375,56.96875,9002659
17.677083333333336,59.13541666666667,9002659
24.09375,56.96875,9002659
17.671875,59.109375,9002659
24.09375,56.96875,9002659
17.677083333333336,59.13541666666667,9002659
24.09375,56.96875,9002659
23.302083333333336,57.48958333333333,9002659
10.1484375,54.375,9002659
9.15625,53.90625,9002659
-1.09375,50.8125,9002659
-2.529296875,49.46875,9002659
-1.09375,50.8125,9002659
-2.529296875,49.46875,9002659
-1.09375,50.8125,9002659
-2.529296875,49.46875,9002659
-1.09375,50.8125,9002659
-2.375,49.46875,9002659
-2.529296875,49.46875,9002659
-1.09375,50.8125,9002659
-2.529296875,49.46875,9002659
-1.09375,50.8125,9002659
-2.529296875,49.46875,9002659
-1.09375,50.8125,9002659
-1.0419921875,50.71875,9002659
-1.09375,50.8125,9002659
-2.529296875,49.46875,9002659
-1.09375,50.8125,9002659
-2.529296875,49.46875,9002659
-1.09375,50.8125,9002659
-2.529296875,49.46875,9002659
-1.091796875,50.8125,9002659
-1.09375,50.8125,9002659
-2.529296875,49.46875,9002659
-1.09375,50.8125,9002659
-1.0146484375,50.6875,9002659
-1.09375,50.8125,9002659
-2.529296875,49.46875,9002659
-1.09375,50.8125,9002659
-2.529296875,49.46875,9002659
-1.09375,50.8125,9002659
10.9296875,54.0,9002659
10.859375,53.9375,9002659
21.0,56.53125,9002659
10.859375,53.9375,9002659
21.0,56.53125,9002659
10.859375,53.9375,9002659
21.0,56.53125,9002659
10.859375,53.9375,9002659
21.0,56.53125,9002659
10.859375,53.9375,9002659
10.9375,54.0,9002659
12.65625,55.75,9002659
11.8984375,58.34375,9002659
-90.0,29.765625,9309423
-90.375,29.984375,9309423
-93.6875,29.421875,9309423
-90.3125,29.953125,9309423
-90.375,29.984375,9309423
-93.625,29.4375,9309423
-94.0,30.015625,9309423
11.09375,55.65625,9309423
24.53125,59.46875,9309423
28.421875,59.6875,9309423
3.443359375,51.90625,9309423
4.20703125,51.90625,9309423
10.765625,57.6875,9309423
27.0625,60.0,9309423
28.75,60.1875,9309423
28.703125,60.34375,9309423
4.16015625,51.9375,9309423
24.515625,59.46875,9309423
28.703125,60.34375,9309423
-0.2127685546875,49.59375,9309423
0.1536865234375,49.46875,9309423
33.09375,69.0625,9309423
33.53125,69.875,9309423
3.560546875,51.90625,9309423
4.203125,51.90625,9309423
-1.293221932870368,60.5,9309423
4.1328125,51.9375,9309423
4.20703125,51.90625,9309423
4.21484375,52.1875,9309423
28.0,60.34375,9309423
28.545099431818112,60.59375,9309423
32.3125,31.390625,9309423
32.40104166666668,30.31510416666666,9309423
32.41874999999999,29.5625,9309423
32.4375,29.515625,9309423
32.375,29.59375,9309423
32.5625,29.8125,9309423
32.318749999999994,30.496875000000003,9309423
31.28125,32.1875,9309423
31.390625,32.1875,9309423
31.390625,32.5625,9309423
28.421875,59.71875,9309423
28.421875,59.78125,9309423
8.8515625,44.375,9309423
8.8359375,44.4375,9309423
12.265625,32.90625,9309423
17.6875,39.5625,9309423
17.703125,39.625,9309423
17.640625,39.5,9309423
17.77083333333334,39.4375,9309423
17.78125,39.46875,9309423
17.203125,40.46875,9309423
8.859375,44.21875,9309423
8.7890625,44.125,9309423
8.96875,44.125,9309423
8.859375,44.1875,9309423
8.90625,44.1875,9309423
8.8671875,44.09375,9309423
8.8203125,44.125,9309423
8.7890625,44.1875,9309423
8.8671875,44.1875,9309423
8.8359375,44.4375,9309423
29.328125,60.09375,9309423
30.09990530303025,59.908143939394,9309423
28.421875,59.71875,9309423
-5.0078125,35.90625,9309423
-5.046875,35.84375,9309423
-5.0625,35.9375,9309423
-5.03125,35.875,9309423
-4.95703125,35.96875,9309423
-5.0703125,35.84375,9309423
-5.03125,35.84375,9309423
-5.01171875,35.90625,9309423
-5.0546875,35.78125,9309423
-5.015625,35.8125,9309423
-5.04296875,35.78125,9309423
-5.03125,35.84375,9309423
-5.10546875,35.78125,9309423
-5.0703125,35.6875,9309423
-5.00390625,35.8125,9309423
-4.8046875,35.90625,9309423
-4.80859375,35.96875,9309423
-4.99609375,35.6875,9309423
-4.958984375,35.5625,9309423
-4.9296875,35.65625,9309423
-4.92578125,35.59375,9309423
-4.84765625,35.6875,9309423
32.3125,31.390625,9309423
32.3984375,30.30078125,9309423
103.9375,1.283203125,9309423
121.0625,35.65625,9309423
120.25,36.0625,9309423
32.56597222222223,29.87326388888889,9309423
25.368055555555543,39.43055555555554,9309423
25.33258928571429,39.62053571428571,9309423
25.465625000000003,39.65625,9309423
25.52604166666666,39.63020833333332,9309423
25.484375,39.71875,9309423
28.984375,40.8125,9309423
29.03125,40.78125,9309423
29.109375,40.75,9309423
29.03125,40.8125,9309423
28.84375,40.78125,9309423
28.78125,40.78125,9309423
28.75,40.75,9309423
37.65625,44.53125,9309423
37.625,44.625,9309423
28.984375,41.3125,9309423
4.2890625,51.34375,9171395
4.36328125,51.28125,9171395
4.28515625,51.34375,9171395
4.60546875,52.46875,9171395
11.7734375,39.75,9171395
14.28125,40.84375,9171395
29.078125,40.40625,9171395
29.65625,40.75,9171395
29.71875,40.78125,9171395
29.1875,40.875,9171395
27.5,40.96875,9171395
28.890625,40.96875,9171395
4.960175304878057,36.902439024390105,9171395
1.2327974759615374,36.53125,9171395
0.8447265625,36.625,9171395
9.1328125,53.875,9171395
10.125,54.375,9171395
11.4609375,53.90625,9171395
11.390625,54.09375,9171395
20.21875,54.6875,9171395
10.171875,54.375,9171395
-8.390625,43.375,9171395
-5.643880208333335,43.61458333333332,9171395
31.765625,31.46875,9171395
36.15625,36.59375,9171395
36.1875,36.6875,9171395
-0.1514892578125,39.625,9171395
-0.2178955078125,39.65625,9171395
2.158203125,41.34375,9171395
-8.69921875,33.1875,9171395
-8.625,33.125,9171395
-8.8046875,33.21875,9171395
-8.6875,33.1875,9171395
-8.631250000000001,33.125,9171395
9.140625,53.90625,9171395
14.5703125,53.4375,9171395
14.3125,54.0,9171395
18.65625,54.46875,9171395
18.65625,54.375,9171395
1.529296875,51.46875,9171395
35.03125,32.8125,9171395
26.015625,39.75,9171395
29.34375,40.6875,9171395
29.1875,40.84375,9171395
27.984375,40.375,9171395
27.90625,40.375,9171395
28.921875,40.96875,9171395
28.96875,40.8125,9171395
28.40625,40.625,9171395
28.765625,44.1875,9171395
28.6875,44.34375,9171395
27.984375,43.1875,9171395
27.65625,43.1875,9171395
28.96875,41.40625,9171395
28.875,40.96875,9171395
11.84375,55.96875,9171395
16.375,56.65625,9171395
16.359375,56.625,9171395
74.1875,-0.8505859375,9177428
39.75,-4.09765625,9177428
39.625,-4.04296875,9177428
39.46875,-6.77734375,9177428
39.4375,-6.7578125,9177428
39.4375,-6.75390625,9177428
39.46875,-6.8046875,9177428
39.40625,-6.7578125,9177428
39.28125,-6.828125,9177428
31.28125,-29.828125,9177428
31.296875,-29.828125,9177428
31.03125,-29.859375,9177428
-8.75,42.21875,9177428
3.228515625,51.3125,9177428
2.060546875,51.625,9177428
2.287109375,51.84375,9177428
2.005859375,51.625,9177428
-0.5546875,50.5625,9177428
-0.599609375,50.5,9177428
-0.55029296875,50.59375,9177428
-1.3984375,50.875,9177428
5.80859375,53.84375,9177428
5.655468750000001,53.868750000000006,9177428
5.688802083333334,53.875,9177428
8.5546875,53.5625,9177428
6.8125,53.90625,9177428
7.171875,53.34375,9177428
-3.005859375,50.34375,9177428
-5.24576822916666,49.34635416666672,9177428
-9.55078125,44.4453125,9177428
-79.875,9.3671875,9177428
-79.9375,9.2734375,9177428
-79.625,9.0078125,9177428
-117.125,32.65625,9177428
-118.1875,33.75,9177428
-119.21875,34.140625,9177428
-158.0,21.359375,9177428
130.75,-12.375,9177428
130.875,-12.4921875,9177428
127.68499999999996,26.204375000000027,9177428
133.75,34.38541666666669,9177428
137.25,34.732142857142875,9177428
141.140625,35.765625,9177428
140.625,36.4375,9177428
-123.0625,49.125,9177428
-122.375,47.25,9177428
-122.375,37.90625,9177428
-119.9375,34.21838235294115,9177428
139.75,35.443749999999994,9177428
140.625,36.4375,9177428
139.75,35.5,9177428
140.84868421052556,33.58552631578954,9177428
-102.1875,17.9375,9177428
-79.5,8.875,9177428
-79.5625,9.0,9177428
-79.9375,9.27734375,9177428
-79.875,9.4375,9177428
-79.875,9.3671875,9177428
-74.125,40.65688775510205,9177428
-81.4375,30.376488095238106,9177428
-69.875,18.40625,9177428
-69.875,18.46661931818185,9177428
-79.875,9.3671875,9177428
-79.875,9.4375,9177428
-79.9375,9.2734375,9177428
-79.625,9.0,9177428
-117.125,32.6875,9177428
-117.125,32.65625,9177428
140.99456521739097,36.37432065217387,9177428
140.625,36.4375,9177428
139.75,35.470703125,9177428
139.625,35.46875,9177428
175.70833333333331,40.0,9177428
-119.9407894736843,34.21875,9177428
-122.375,37.90625,9177428
-123.0625,49.125,9177428
-122.4375,47.28125,9177428
129.125,35.125,9177428
127.6875,26.203125,9177428
129.125,35.125,9177428
-156.625,23.0,9177428
-117.1875,32.6875,9177428
-117.6875,32.78125,9177428
-118.1875,33.75,9177428
139.75,35.5,9177428
140.625,36.4375,9177428
-122.6875,45.65625,9177428
-122.375,37.90625,9177428
126.3125,34.75,9938030
126.25,34.75,9938030
125.375,34.28125,9938030
125.14285714285715,34.397321428571416,9938030
125.16250000000002,34.181250000000006,9938030
125.0625,34.25,9938030
125.1875,34.125,9938030
126.29166666666666,34.75,9938030
126.3125,34.781109865470626,9938030
128.125,34.625,9938030
128.0,34.618750000000006,9938030
129.875,35.34375,9938030
129.625,35.53125,9938030
130.0,35.46875,9938030
129.625,35.40625,9938030
129.625,35.5,9938030
129.625,35.40625,9938030
121.33125000000004,35.9375,9938030
120.1875,36.0625,9938030
120.375,35.96875,9938030
120.1875,36.0625,9938030
129.625,35.69270833333332,9938030
129.75,35.53125,9938030
129.78125,35.484375,9938030
129.625,35.5625,9938030
129.71875,35.4921875,9938030
129.5,35.40625,9938030
129.5,35.40625,9938030
129.5,35.40625,9938030
129.5,35.40625,9938030
129.375,35.46875,9938030
104.1875,1.3203125,9938030
32.5625,29.828125,9938030
14.7890625,35.875,9938030
-5.19921875,51.78125,9938030
-5.19921875,51.78125,9938030
-5.19921875,51.78125,9938030
-5.19921875,51.78125,9938030
-5.19921875,51.78125,9938030
-5.19921875,51.78125,9938030
-5.19921875,51.78125,9938030
-5.19921875,51.78125,9938030
-5.21875,51.78125,9938030
-5.21484375,51.78125,9938030
-5.21484375,51.78125,9938030
-5.17578125,51.8125,9938030
-5.17578125,51.8125,9938030
-5.17578125,51.8125,9938030
-5.1796875,51.8125,9938030
-5.1796875,51.8125,9938030
-5.0625,51.6875,9938030
-5.0625,51.6875,9938030
-5.0625,51.6875,9938030
-5.0625,51.6875,9938030
-5.0625,51.6875,9938030
-5.0625,51.6875,9938030
-4.99609375,51.6875,9938030
4.26171875,60.78125,9938030
4.859375,60.625,9938030
0.1160888671875,53.53125,9938030
-1.1787109375,54.75,9938030
-1.1845703125,54.75,9938030
-1.166015625,54.625,9938030
-94.68124999999996,29.334374999999987,9368792
-94.625,29.26450892857145,9368792
-95.125,29.75,9368792
-94.75,29.359375,9368792
-97.875,22.484375,9368792
-97.5,27.828125,9368792
-78.6875,26.375,9368792
-78.6875,26.359375,9368792
-78.6875,26.359375,9368792
-78.75,26.421875,9368792
-78.875,26.328125,9368792
-78.75,26.515625,9368792
-78.6875,26.29062500000001,9368792
-94.609375,29.31640625,9368792
-95.25,29.71875,9368792
2.73046875,51.4375,9368792
2.787109375,51.4375,9368792
2.76953125,51.4375,9368792
2.77734375,51.4375,9368792
4.30859375,51.3125,9368792
4.33203125,51.28125,9368792
2.5546875,51.3125,9368792
5.49609375,59.28125,9368792
18.703125,54.40625,9368792
14.82063802083332,56.15625,9368792
18.703125,54.40625,9368792
14.828125,56.15625,9368792
18.859375,54.4375,9368792
18.703125,54.40625,9368792
14.82788825757575,56.155303030303,9368792
18.875,54.4375,9368792
18.703125,54.40625,9368792
14.820963541666671,56.15625,9368792
10.1796875,54.375,9368792
9.1484375,53.90625,9368792
9.0078125,53.875,9368792
9.171875,53.875,9368792
14.828125,56.1552734375,9368792
10.140625,54.375,9368792
0.568359375,51.5,9368792
9.1328125,53.875,9368792
9.671875,54.28125,9368792
14.828125,56.15625,9368792
18.875,54.4375,9368792
18.703125,54.40625,9368792
14.8291015625,56.154296875,9368792
18.84375,54.4375,9368792
18.703125,54.40625,9368792
18.84375,54.4375,9368792
-94.75,29.34375,9368792
-95.125,29.734375,9368792
-94.50961538461536,29.32692307692308,9368792
-95.125,29.734375,9368792
-76.25,10.5859375,9368792
-75.5,10.32421875,9368792
-75.9375,10.6640625,9368792
-94.5625,29.296875,9368792
-95.125,29.734375,9368792
-75.75,10.6171875,9368792
-75.75,10.9765625,9368792
-75.75,10.8203125,9368792
-75.75,10.625,9368792
-75.75,10.62890625,9368792
-75.75,10.796875,9368792
-75.875,10.46875,9368792
-75.5,10.328125,9368792
-75.5625,10.3046875,9368792
-94.5625,29.328125,9368792
-95.125,29.734375,9368792
-76.625,10.5703125,9368792
-76.375,10.5078125,9368792
-76.5,10.5390625,9368792
-76.375,10.4765625,9368792
-75.75,10.8203125,9368792
-76.875,10.4140625,9368792
-76.75,10.5,9368792
-75.9375,10.3203125,9368792
-75.8125,10.34375,9368792
-75.5,10.328125,9368792
-75.5625,10.3046875,9368792
-85.1875,21.276041666666664,9368792
-95.125,29.734375,9368792
-76.39583333333334,11.010416666666668,9368792
-76.875,11.296875,9368792
-76.125,10.9453125,9368792
-76.0,10.7734375,9368792
-75.5,10.7578125,9368792
-75.3125,11.1015625,9368792
-75.75,10.3046875,9368792
-75.8125,10.2890625,9368792
-75.55989583333344,10.32063802083332,9368792
-75.6875,10.3515625,9368792
2.5390625,51.34375,9368792
3.69921875,51.46875,9368792
3.767578125,51.34375,9368792
-63.4453125,21.7578125,9368792
-75.8125,10.4765625,9368792
-75.71875,10.5390625,9368792
-75.875,10.359375,9368792
-75.5,10.328125,9368792
-75.5625,10.3046875,9368792
-95.125,29.734375,9368792
-75.625,10.6640625,9368792
-75.8125,10.71875,9368792
-75.6875,10.682291666666668,9368792
-75.75,10.5234375,9368792
-75.5625,10.3046875,9368792
-94.5,29.265625,9368792
-95.125,29.734375,9368792
-75.5,10.328125,9368792
-75.5625,10.3125,9368792
-94.5625,29.3125,9368792
-95.125,29.734375,9368792
-75.75,10.3046875,9368792
-76.625,10.0703125,9368792
-76.0,10.29296875,9368792
-75.5625,10.3046875,9368792
-94.5,29.286458333333336,9368792
-95.125,29.734375,9368792
-75.58333333333334,10.317708333333332,9368792
-94.546875,29.28645833333336,9368792
-94.50099206349208,29.173859126984155,9368792
-78.96875,26.4609375,9368792
39.78125,-4.11328125,9728198
39.65625,-4.0546875,9728198
25.734375,-33.875,9728198
25.640625,-33.96875,9728198
-15.3984375,28.15625,9728198
14.3125,69.9375,9728198
33.0625,69.0,9728198
8.5859375,68.4375,9728198
17.4375,68.5,9728198
17.40625,68.4375,9728198
17.421875,68.5,9728198
17.390625,68.4375,9728198
7.76953125,54.0625,9728198
9.9375,53.53125,9728198
-89.9375,29.875,9728198
-90.9375,30.125,9728198
-88.0625,30.0625,9728198
-88.0625,30.65625,9728198
0.388427734375,53.75,9728198
-0.1947021484375,53.625,9728198
-66.4375,50.1875,9728198
-66.375,50.1875,9728198
-66.375,50.1875,9728198
-5.40625,36.09375,9728198
5.88671875,36.8125,9728198
5.8203125,36.84375,9728198
28.765625,40.9375,9728198
28.78125,44.125,9728198
28.640625,44.15625,9728198
29.015625,41.34375,9728198
29.015625,41.34375,9728198
28.9375,41.34375,9728198
28.9375,40.96875,9728198
26.667410714285708,40.35267857142858,9728198
32.3125,31.375,9728198
34.84375,29.3125,9728198
34.96875,29.484375,9728198
34.90625,29.390625,9728198
34.9375,29.4375,9728198
35.0,29.515625,9728198
34.96875,29.359375,9728198
34.8125,29.28125,9728198
34.875,29.234375,9728198
34.8125,29.296875,9728198
34.875,29.25,9728198
34.84375,29.21875,9728198
34.84375,29.21875,9728198
34.8125,29.265625,9728198
34.8125,29.3125,9728198
34.875,29.265625,9728198
34.84375,29.34375,9728198
34.96875,29.453125,9728198
34.84375,29.25,9728198
34.875,29.328125,9728198
34.875,29.40625,9728198
34.84375,29.234375,9728198
34.8125,29.296875,9728198
34.84375,29.296875,9728198
34.96875,29.375,9728198
75.77083333333336,6.962239583333335,9728198
77.64583333333334,6.321614583333334,9728198
83.125,9.6875,9728198
86.75,20.16796875,9728198
86.8125,20.21875,9728198
86.75,20.203125,9728198
86.6875,20.28125,9728198
-55.5625,-35.1875,9728198
-60.71875,-32.65625,9728198
-58.6875,-34.25,9728198
-46.34375,-24.203125,9728198
-46.375,-24.140625,9728198
-46.34375,-24.078125,9728198
-46.3125,-24.140625,9728198
-46.15625,-24.09375,9728198
-46.28125,-24.109375,9728198
-46.28125,-23.96875,9728198
103.875,1.2509765625,9785378
120.4375,24.25,9785378
120.5,24.234375,9785378
122.703125,30.98828125,9785378
121.25,31.640625,9785378
121.25,31.640625,9785378
103.875,1.2578125,9785378
80.89583333333334,5.805989583333334,9785378
32.5625,29.859375,9785378
9.9921875,53.53125,9785378
8.4609375,55.4375,9785378
10.0625,57.0625,9785378
11.5546875,57.5625,9785378
-7.119791666666666,47.21875,9785378
2.408854166666667,37.01041666666667,9785378
32.3125,31.359375,9785378
103.875,1.2705078125,9785378
120.4375,24.234375,9785378
120.4375,24.328125,9785378
120.5,24.453125,9785378
120.4375,24.265625,9785378
120.5,24.265625,9785378
120.5,24.265625,9785378
120.5,24.234375,9785378
109.0,21.28125,9785378
122.5625,31.046875,9785378
121.25,31.640625,9785378
103.875,1.259765625,9785378
81.1875,8.5625,9785378
80.375,13.109375,9785378
80.3125,13.09375,9785378
78.25,8.75,9785378
78.25,8.75,9785378
48.77083333333333,13.130208333333332,9785378
32.35546875,30.421875,9785378
14.75,35.875,9785378
5.26171875,37.34375,9785378
9.125,53.875,9785378
10.125,54.375,9785378
23.5,64.25,9785378
23.71875,64.25,9785378
24.5,65.5625,9785378
24.515625,65.6875,9785378
17.9375,62.625,9785378
18.71875,54.53125,9785378
18.5,54.53125,9785378
-0.15869140625,49.5,9785378
0.484130859375,49.5,9785378
-2.453125,47.125,9785378
-2.15234375,47.28125,9785378
3.1953125,51.34375,9785378
5.169921875,41.5859375,9785378
8.890625,44.40625,9785378
13.966796875,39.5625,9785378
32.34375,31.4375,9785378
32.375,30.34375,9785378
54.67708333333333,15.119791666666668,9785378
67.0,24.84375,9785378
71.52083333333334,15.515625,9785378
103.75,1.3037109375,9785378
103.8125,1.228515625,9785378
105.3125,3.029296875,9785378
114.1875,22.171875,9785378
114.0625,22.34375,9785378
110.64583333333334,15.135416666666668,9785378
107.0,10.578125,9785378
104.85416666666666,2.110026041666667,9785378
103.875,1.2685546875,9785378
63.53125,11.15625,9785378
32.53125,29.921875,9785378
4.76171875,52.4375,9785378
24.40625,64.6875,9785378
10.546875,55.46875,9785378
23.09375,37.90625,9607631
28.03125,41.0,9607631
27.984375,40.96953124999989,9607631
28.890625,40.9375,9607631
28.578125,40.65625,9607631
28.5625,40.6875,9607631
28.4375,40.65625,9607631
28.578125,40.71875,9607631
37.80208333333333,44.17708333333333,9607631
37.84375,44.71875,9607631
37.8125,44.53125,9607631
37.75,44.5,9607631
37.75,44.46875,9607631
37.84375,44.71875,9607631
37.84375,44.71875,9607631
29.15625,41.40625,9607631
29.328125,41.375,9607631
29.375,41.34375,9607631
29.296875,41.34375,9607631
26.663281249999983,40.36093750000003,9607631
17.618303571428562,36.34375,9607631
15.484375,36.39375000000001,9607631
11.662109375,37.671875,9607631
9.809895833333332,38.66666666666667,9607631
9.0390625,39.09375,9607631
24.84375,34.9375,9607631
29.63750000000002,31.11249999999998,9607631
29.640625,31.09375,9607631
15.2734375,33.84375,9607631
10.13365709459459,34.22043918918931,9607631
26.921875,38.78125,9607631
23.53125,37.875,9607631
23.53125,38.03125,9607631
24.984375,37.40625,9607631
29.755208333333336,31.234375,9607631
29.796875,31.1875,9607631
29.797214673913064,31.17119565217387,9607631
20.046875,32.125,9607631
25.0,34.9296875,9607631
28.78125,40.65625,9607631
28.65625,40.75,9607631
39.09375,44.03125,9607631
39.0625,44.09375,9607631
29.0,41.28125,9607631
28.890625,40.9375,9607631
27.11607142857144,40.580357142857125,9607631
22.5,35.9375,9607631
22.637500000000003,36.0625,9607631
22.65625,36.28125,9607631
22.734375,36.5,9607631
25.9971590909091,39.934659090909065,9607631
28.875,40.78125,9607631
27.53125,42.4375,9607631
28.977430555555543,41.28819444444446,9607631
28.859375,40.9375,9607631
35.34114583333331,33.53125,9607631
35.34375,33.53125,9607631
35.40625,33.65625,9607631
35.5,33.90625,9607631
35.5625,33.90625,9607631
32.03125,32.8125,9607631
31.78125,32.625,9607631
31.421875,33.03125,9607631
29.59375,31.125,9607631
29.640625,31.09375,9607631
34.71875,36.78125,9607631
35.09375,36.34375,9607631
26.875,38.8125,9607631
26.921875,38.78125,9607631
26.15625,38.375,9607631
35.5625,33.90625,9607631
35.5625,33.96875,9607631
35.5625,33.90625,9607631
35.42083333333332,34.15416666666664,9607631
25.9375,39.6875,9607631
28.84375,40.9375,9607631
28.765625,40.75,9607631
37.84375,44.34375,9607631
37.625,44.375,9607631
37.84375,44.375,9607631
37.78125,44.375,9607631
37.6875,44.34375,9607631
37.78125,44.71875,9607631
37.90625,44.59375,9607631
37.78125,44.71875,9607631
29.125,41.40625,9607631
26.655624999999983,40.35749999999996,9607631
10.118229166666644,34.22187500000008,9607631
10.5,36.85416666666667,9607631
10.296875,36.8125,9607631
16.703125,36.40625,9607631
26.149147727272734,39.98295454545453,9607631
29.671875,40.75,9607631
29.75,40.75,9607631
27.125,40.59375,9607631
1.2021484375,41.09375,9607631
-0.9736328125,37.375,9607631
-0.95947265625,37.5625,9607631
3.81640625,51.34375,9607631
3.78515625,51.15625,9607631
3.34765625,51.75,9607631
4.28515625,51.34375,9607631
4.34375,51.28125,9607631
-1.47265625,45.59375,9607631
-0.7288643973214284,45.241071428571416,9607631
-1.599609375,45.6875,9607631
-0.84130859375,50.46875,9607631
28.015625,60.34375,9607631
28.53125,60.59375,9607631
4.28515625,51.34375,9607631
3.408203125,51.8125,9607631
3.509765625,51.875,9607631
4.359375,51.90625,9607631
-3.421875,47.65625,9607631
-3.357421875,47.71875,9607631
4.015625,52.4375,9607631
4.7734375,52.40625,9607631
-0.2137451171875,49.59375,9607631
0.11767578125,49.46875,9607631
2.654296875,51.46875,9607631
4.2890625,51.34375,9607631
-17.390625,14.5703125,9607631
-17.421875,14.6796875,9607631
-17.328125,14.640625,9607631
-17.421875,14.6796875,9607631
2.587890625,51.34375,9607631
4.28515625,51.34375,9607631
8.736328125,37.6015625,9607631
35.59121621621607,34.52224099099064,9607631
34.96354166666669,34.47395833333331,9607631
26.106047453703844,39.98755787037,9607631
28.984375,40.8125,9607631
28.859375,40.78125,9607631
28.75,40.75,9607631
37.53125,44.4375,9607631
37.40625,44.28125,9607631
37.4375,44.3125,9607631
37.5,44.4375,9607631
37.5625,44.375,9607631
37.84375,44.71875,9607631
37.96875,44.4375,9607631
37.875,44.4375,9607631
37.84375,44.46875,9607631
37.875,44.5,9607631
37.84375,44.71875,9607631
29.203125,41.375,9607631
28.84375,40.9375,9607631
23.0625,37.90625,9607631
23.09375,37.90625,9607631
23.875,37.46875,9607631
26.086397058823536,39.98897058823525,9607631
28.671875,40.71875,9607631
18.65625,54.375,9164718
9.515625,53.65625,9164718
9.953125,53.5,9164718
-5.30859375,35.90625,9164718
2.1875,41.3125,9164718
2.150390625,41.34375,9164718
4.94921875,43.40625,9164718
5.0,43.40625,9164718
4.6171875,43.0625,9164718
4.86328125,43.40625,9164718
4.86328125,43.40625,9164718
4.86328125,43.40625,9164718
4.244746767241388,42.53125,9164718
3.43994140625,41.765625,9164718
3.734375,51.9375,9164718
4.28125,51.875,9164718
-6.842447916666666,37.09375,9164718
-6.903273809523814,37.1547619047619,9164718
4.328125,51.28125,9164718
4.37890625,51.25,9164718
3.7265625,51.9375,9164718
4.30859375,51.875,9164718
1.2265625,41.09375,9164718
2.150390625,41.34375,9164718
5.01953125,43.25,9164718
4.960286458333335,43.38020833333332,9164718
5.006510416666662,43.40625,9164718
4.989583333333334,43.38541666666667,9164718
4.83984375,43.40625,9164718
1.2578125,41.09375,9164718
1.2158203125,41.09375,9164718
1.2275390625,41.09375,9164718
3.767578125,51.34375,9164718
4.21484375,51.28125,9164718
9.9609375,53.5,9164718
1.2275390625,41.09375,9164718
4.421875,42.59375,9164718
5.0,43.40625,9164718
4.99609375,43.40625,9164718
4.96875,43.34821428571429,9164718
3.3765624999999995,41.69375,9164718
-5.3046875,35.90625,9164718
-5.9921875,37.3125,9164718
-6.30078125,36.0625,9164718
-8.7109375,40.65625,9164718
4.30859375,51.875,9164718
4.41015625,51.875,9164718
4.30078125,51.875,9164718
-8.875,37.9375,9164718
-5.3203125,35.90625,9164718
4.9921875,43.40625,9164718
-7.901041666666667,45.90625,9164718
2.35546875,51.03125,9164718
3.603515625,51.90625,9164718
4.34375,51.90625,9164718
3.369140625,51.78125,9164718
4.33203125,51.28125,9164718
-0.2486572265625,53.71875,9164718
3.244140625,51.8125,9164718
4.33203125,51.15625,9164718
4.359375,51.25,9164718
-3.517578125,36.71875,9164718
2.1953125,41.34375,9164718
2.150390625,41.34375,9164718
4.83984375,43.40625,9164718
4.91796875,43.40625,9164718
4.83984375,43.40625,9164718
-5.3046875,35.90625,9164718
-5.3515625,35.90625,9164718
4.28125,51.875,9164718
4.21484375,51.28125,9164718
4.83984375,43.40625,9164718
1.2685546875,41.09375,9164718
1.216796875,41.09375,9164718
2.185546875,41.34375,9164718
2.150390625,41.34375,9164718
4.9453125,43.40625,9164718
4.83984375,43.40625,9164718
-5.42578125,36.15625,9164718
-3.23046875,49.6875,9164718
3.74609375,51.9375,9164718
4.28125,51.875,9164718
3.33203125,51.78125,9164718
4.33984375,51.28125,9164718
9.515625,53.65625,9164718
7.678385416666666,54.15625,9164718
4.296875,51.875,9164718
-5.319531250000001,35.90625,9164718
1.2265625,41.09375,9164718
2.150390625,41.34375,9164718
4.83984375,43.40625,9164718
4.91796875,43.40625,9164718
4.83984375,43.40625,9164718
4.28125,51.875,9164718
3.326171875,51.78125,9164718
4.35546875,51.25,9164718
4.2890625,51.34375,9164718
4.25390625,51.25,9164718
3.59375,51.9375,9164718
4.30859375,51.875,9164718
1.2274502840909074,41.09375,9164718
4.94921875,43.40625,9164718
5.112393465909093,43.43607954545452,9164718
4.95703125,43.40625,9164718
4.843656994047636,43.40625,9164718
5.0078125,43.25,9164718
1.2265625,41.09375,9164718
4.83984375,43.40625,9164718
-5.3203125,35.90625,9164718
4.28125,51.875,9164718
4.2578125,51.25,9164718
4.34375,51.28125,9164718
21.326562499999973,60.78125,9164718
12.7109375,56.0,9164718
12.703125,56.03125,9164718
21.0,56.53125,9164718
21.046875,56.53125,9164718
10.3828125,55.4375,9164718
12.7265625,55.96875,9164718
21.341145833333343,60.78125,9164718
12.7109375,56.0,9164718
12.703125,56.03125,9164718
12.7109375,56.0,9164718
16.1875,58.625,9164718
21.2940340909091,60.78125,9164718
12.7109375,56.0,9164718
12.703125,56.03125,9164718
21.453125,57.46875,9164718
21.470238095238106,57.4375,9164718
10.3046875,54.53125,9164718
3.595703125,52.15625,9164718
4.3125,51.875,9164718
3.76171875,51.9375,9164718
4.3125,51.875,9164718
-0.1324462890625,49.5625,9164718
0.219482421875,49.46875,9164718
4.2265625,51.28125,9164718
-20.31510416666666,49.98958333333333,9164718
-5.3046875,35.90625,9164718
1.2265625,41.09375,9164718
2.197265625,41.3125,9164718
-75.625,36.78125,9758739
-76.125,37.21875,9758739
-76.4375,36.96875,9758739
-76.125,37.28125,9758739
-76.3125,36.875,9758739
-38.78125,-3.47265625,9758739
-38.8125,-3.533203125,9758739
-44.25,-2.390625,9758739
-44.375,-2.560546875,9758739
-15.4140625,28.125,9758739
1.7802734375,51.0625,9758739
2.328125,51.0625,9758739
-48.25,-25.75,9758739
-48.40625,-25.5,9758739
-48.5,-25.484375,9758739
103.9375,1.283203125,9758739
122.375,30.15625,9758739
122.25,30.15625,9758739
122.1875,30.109375,9758739
122.25,30.140625,9758739
123.0625,29.640625,9758739
169.90625,51.1640625,9758739
-124.5,46.15625,9758739
-124.375,46.15625,9758739
-123.8125,46.21875,9758739
-122.875,46.03125,9758739
147.34375,39.4296875,9758739
137.0,34.8125,9758739
137.0,34.875,9758739
136.75,34.90625,9758739
136.875,35.0,9758739
135.25,34.5625,9758739
133.75,34.5,9758739
135.25,34.625,9758739
135.25,34.6875,9758739
135.25,34.6875,9758739
135.25,34.71875,9758739
134.5,33.1875,9758739
134.25,32.96875,9758739
130.375,33.625,9758739
129.125,35.0,9758739
-123.0625,49.3125,9758739
-77.125,-12.0546875,9758739
-70.1875,-20.7890625,9758739
-79.5,8.8828125,9758739
-79.625,9.0,9758739
-79.9375,9.2734375,9758739
-90.25,29.953125,9758739
-90.4375,30.0,9758739
-89.64583333333334,28.463541666666664,9758739
-89.625,28.53125,9758739
-89.359375,28.87890625,9758739
-89.3125,29.234375,9758739
-90.6875,30.03125,9758739
-90.8125,30.046875,9758739
-90.3125,29.953125,9758739
6.16796875,53.65625,9758739
